1 669 403
2 728 410
3 698 413
4 688 416
5 705 423
6 683 424
7 689 430
8 721 440
9 702 441
10 695 444
11 698 450
12 667 446
13 669 450
14 669 455
15 716 475
16 709 478
17 689 475
18 689 480
19 668 476
20 692 492
21 652 477
22 678 496
23 664 493
24 689 513
25 650 494
26 672 514
27 672 519
28 645 505
29 678 535
30 660 527
31 655 530
32 637 519
33 665 551
34 622 517
35 637 537
36 654 561
37 654 569
38 619 537
39 619 543
40 641 577
41 619 557
42 617 561
43 607 555
44 625 590
45 607 571
46 598 564
47 601 579
48 604 594
49 590 578
50 579 564
51 593 606
52 588 606
53 565 563
54 570 589
55 561 574
56 561 588
57 560 601
58 555 600
59 544 575
60 537 565
61 541 600
62 532 578
63 526 568
64 523 570
65 525 626
66 517 591
67 512 579
68 507 575
69 504 613
70 500 574
71 494 625
72 491 591
73 487 587
74 483 588
75 479 584
76 473 599
77 471 580
78 465 587
79 462 585
80 451 610
81 458 565
82 441 612
83 439 602
84 435 599
85 430 597
86 426 595
87 434 562
88 424 575
89 411 595
90 401 604
91 416 563
92 409 567
93 415 548
94 404 560
95 398 561
96 397 555
97 386 563
98 390 551
99 360 582
100 387 540
101 383 539
102 369 549
103 380 530
104 365 540
105 367 532
106 351 541
107 347 539
108 335 543
109 357 518
110 331 534
111 353 511
112 347 510
113 344 507
114 337 507
115 305 522
116 314 510
117 326 498
118 330 490
119 327 488
120 329 482
121 330 476
122 298 486
123 321 471
124 296 476
125 291 472
126 304 463
127 318 454
128 336 445
129 278 455
130 275 451
131 331 434
132 276 440
133 310 430
134 322 424
135 297 422
136 298 418
137 287 414
138 315 408
139 309 404
140 327 400
141 329 396
142 312 391
143 324 388
144 330 384
145 288 376
146 276 369
147 332 373
148 296 363
149 315 362
150 299 354
151 290 347
152 330 353
153 285 335
154 300 335
155 288 326
156 319 332
157 335 334
158 325 325
159 313 315
160 308 307
161 336 316
162 318 302
163 307 290
164 340 304
165 319 286
166 343 296
167 313 270
168 354 294
169 324 266
170 345 277
171 367 289
172 360 278
173 374 285
174 362 268
175 367 267
176 341 234
177 356 242
178 374 256
179 388 266
180 359 224
181 375 236
182 374 226
183 378 224
184 394 240
185 402 245
186 384 205
187 414 249
188 399 213
189 415 234
190 421 236
191 419 223
192 424 223
193 421 205
194 426 204
195 427 192
196 439 213
197 443 211
198 441 186
199 454 218
200 456 210
201 454 175
202 460 182
203 466 186
204 470 181
205 477 198
206 481 199
207 488 225
208 490 197
209 495 208
210 499 175
211 504 190
212 509 184
213 512 214
214 518 189
215 519 224
216 526 201
217 535 178
218 535 204
219 534 231
220 548 188
221 545 220
222 549 221
223 564 184
224 564 200
225 557 236
226 574 202
227 576 209
228 575 223
229 582 217
230 596 199
231 591 220
232 605 203
233 585 249
234 607 219
235 620 208
236 617 221
237 630 211
238 630 220
239 632 226
240 632 233
241 640 231
242 631 249
243 627 260
244 631 261
245 642 257
246 650 256
247 629 281
248 673 248
249 655 270
250 647 282
251 660 277
252 684 265
253 679 275
254 666 289
255 651 304
256 683 290
257 697 287
258 654 316
259 694 301
260 700 303
261 705 306
262 696 315
263 660 335
264 687 329
265 682 336
266 707 332
267 704 338
268 698 345
269 708 347
270 688 357
271 697 359
272 668 369
273 709 366
274 687 374
275 726 374
276 715 380
277 725 384
278 702 390
279 677 396
280 695 399
