1 55 63
2 94 38
3 127 49
4 163 45
5 219 48
6 242 60
7 286 42
8 326 43
9 370 60
10 397 44
11 450 46
12 502 62
13 541 56
14 565 44
15 610 51
16 653 53
17 682 45
18 727 60
19 777 64
20 808 35
21 863 51
22 890 49
23 927 44
24 45 99
25 78 91
26 121 90
27 162 101
28 217 83
29 235 98
30 283 96
31 319 104
32 381 83
33 421 95
34 452 75
35 501 92
36 532 92
37 566 76
38 607 105
39 661 88
40 690 91
41 726 91
42 761 104
43 804 78
44 845 86
45 893 78
46 939 104
47 55 138
48 102 144
49 135 122
50 174 138
51 217 124
52 264 132
53 305 135
54 318 121
55 369 137
56 408 133
57 442 137
58 485 133
59 538 142
60 584 138
61 604 121
62 648 137
63 698 133
64 742 134
65 760 128
66 804 134
67 860 137
68 900 116
69 933 134
70 65 175
71 105 158
72 142 182
73 176 161
74 217 184
75 248 163
76 281 179
77 324 181
78 368 170
79 422 162
80 460 166
81 499 169
82 516 156
83 567 179
84 619 171
85 662 163
86 675 158
87 743 164
88 778 160
89 805 171
90 835 171
91 902 184
92 921 182
93 41 211
94 85 224
95 124 205
96 160 206
97 219 213
98 262 211
99 277 220
100 329 222
101 368 200
102 396 199
103 443 197
104 502 225
105 517 202
106 559 205
107 601 204
108 650 220
109 683 199
110 741 222
111 769 220
112 801 212
113 837 215
114 885 204
115 927 202
116 38 251
117 77 239
118 117 256
119 183 237
120 214 238
121 255 245
122 301 236
123 321 260
124 359 250
125 398 236
126 443 263
127 504 252
128 528 254
129 585 249
130 596 253
131 658 253
132 692 261
133 719 253
134 762 237
135 801 259
136 863 241
137 891 257
138 922 238
139 64 279
140 86 282
141 130 300
142 160 286
143 225 280
144 252 290
145 296 289
146 337 288
147 355 275
148 406 277
149 458 275
150 503 293
151 533 277
152 563 284
153 598 277
154 647 282
155 685 284
156 735 300
157 758 299
158 797 303
159 847 281
160 901 304
161 915 298
162 46 338
163 77 330
164 120 330
165 166 320
166 206 343
167 242 338
168 295 327
169 332 341
170 362 343
171 418 325
172 440 326
173 500 342
174 524 321
175 584 328
176 615 332
177 640 344
178 692 340
179 737 331
180 762 334
181 822 343
182 862 320
183 904 337
184 933 325
185 38 375
186 86 371
187 145 383
188 161 376
189 212 385
190 263 360
191 281 385
192 332 383
193 370 379
194 418 363
195 441 380
196 496 355
197 533 374
198 556 381
199 609 385
200 647 358
201 684 384
202 717 363
203 756 358
204 813 362
205 858 381
206 883 377
207 934 356
208 48 423
209 85 424
210 136 399
211 184 404
212 199 403
213 265 406
214 303 405
215 342 405
216 362 413
217 413 420
218 462 402
219 502 403
220 541 406
221 561 411
222 611 405
223 652 425
224 687 412
225 720 398
226 770 411
227 804 402
228 839 395
229 900 419
230 923 416
231 40 442
232 85 447
233 134 456
234 159 459
235 200 440
236 235 436
237 277 444
238 344 448
239 379 459
240 417 435
241 464 446
242 480 459
243 540 457
244 563 445
245 615 461
246 647 437
247 675 440
248 720 465
249 760 438
250 816 462
251 861 453
252 886 465
253 917 448
254 48 505
255 84 497
256 122 476
257 157 483
258 217 499
259 237 492
260 293 503
261 327 499
262 358 484
263 419 504
264 436 503
265 479 504
266 522 495
267 557 500
268 600 485
269 635 480
270 696 486
271 723 483
272 755 504
273 814 486
274 835 497
275 888 486
276 943 494
277 51 539
278 90 516
279 130 516
280 161 519
281 207 531
282 261 526
283 289 532
284 344 523
285 358 526
286 419 542
287 462 521
288 495 518
289 538 519
290 575 527
291 623 524
292 649 538
293 676 534
294 719 524
295 765 518
296 821 545
297 864 531
298 905 538
299 928 535
300 50 557
301 88 578
302 134 556
303 173 555
304 218 565
305 238 566
306 283 565
307 326 579
308 361 557
309 396 558
310 445 581
311 488 574
312 543 585
313 571 579
314 624 565
315 641 583
316 696 557
317 734 573
318 785 560
319 816 568
320 839 555
321 901 579
322 920 584
323 60 610
324 93 599
325 124 623
326 176 605
327 205 615
328 254 619
329 300 614
330 331 619
331 357 607
332 399 601
333 456 600
334 496 618
335 540 595
336 566 614
337 624 604
338 665 614
339 688 625
340 720 595
341 760 619
342 796 603
343 841 605
344 898 625
345 944 601
346 46 636
347 103 645
348 144 649
349 175 665
350 202 654
351 260 661
352 285 643
353 331 637
354 366 636
355 416 635
356 445 661
357 489 650
358 533 644
359 566 661
360 595 645
361 648 657
362 699 654
363 735 645
364 776 653
365 806 650
366 864 649
367 897 651
368 921 645
369 48 698
370 97 678
371 145 696
372 164 704
373 221 691
374 253 687
375 298 695
376 317 700
377 385 702
378 401 678
379 436 697
380 494 681
381 526 699
382 575 680
383 596 701
384 638 704
385 684 683
386 741 693
387 758 702
388 806 697
389 847 701
390 898 679
391 938 684
392 61 737
393 88 719
394 130 740
395 165 718
396 204 737
397 239 730
398 298 720
399 315 719
400 383 715
401 407 734
402 438 729
403 499 730
404 536 718
405 570 729
406 616 721
407 664 729
408 689 717
409 743 744
410 778 742
411 806 723
412 854 720
413 904 718
414 929 734
415 39 761
416 96 763
417 143 778
418 177 758
419 200 766
420 263 783
421 289 767
422 324 781
423 368 758
424 418 775
425 435 775
426 483 757
427 527 756
428 574 759
429 595 783
430 650 776
431 675 756
432 745 764
433 778 768
434 803 761
435 858 766
436 903 772
437 916 780
438 48 799
439 104 799
440 138 799
441 165 799
442 213 799
443 264 799
444 301 799
445 318 799
446 358 799
447 421 799
448 463 799
449 487 795
450 517 799
451 580 799
452 623 799
453 658 799
454 675 799
455 733 799
456 760 799
457 799 799
458 845 799
459 889 799
460 926 799
461 52 799
462 78 799
463 123 799
464 176 799
465 222 799
466 252 799
467 296 799
468 316 799
469 382 799
470 417 799
471 453 799
472 483 799
473 527 799
474 557 799
475 622 799
476 664 799
477 694 799
478 728 799
479 768 799
480 806 799
481 835 799
482 896 799
483 918 799
484 52 799
485 93 799
486 125 799
487 178 799
488 211 799
489 238 799
490 298 799
491 332 799
492 383 799
493 397 799
494 445 799
495 485 799
496 525 799
497 572 799
498 601 799
499 653 799
500 685 799
501 724 799
502 774 799
503 806 799
504 839 799
505 887 799
506 924 799
507 35 799
508 91 799
509 123 799
510 170 799
511 222 799
512 237 799
513 281 799
514 343 799
515 384 799
516 416 799
517 445 799
518 477 799
519 541 799
520 580 799
521 609 799
522 645 799
523 685 799
524 718 799
525 758 799
526 798 799
527 840 799
528 884 799
529 934 799
530 38 799
531 91 799
532 131 799
