# Формат: ID X Y
# Кожен рядок представляє одне місто
# Зразок файлу з 1000 містами для тестування TSP модуля
# Повний файл можна згенерувати за допомогою GenerateLargeCities.cs
0 100.50 200.30
1 150.75 180.45
2 200.25 250.80
3 120.90 300.15
4 180.60 150.90
5 250.40 220.70
6 300.80 180.25
7 350.15 250.60
8 400.70 300.90
9 450.25 180.40
10 500.90 220.75
11 550.35 280.50
12 600.80 150.30
13 650.45 200.85
14 700.20 260.40
15 750.75 180.90
16 800.30 240.25
17 850.85 300.60
18 900.40 160.75
19 950.95 220.20
20 100.10 280.85
21 150.65 320.40
22 200.20 180.95
23 250.75 240.30
24 300.30 300.65
25 350.85 160.20
26 400.40 220.55
27 450.95 280.90
28 500.50 140.35
29 550.05 200.70
30 600.60 260.15
31 650.15 320.50
32 700.70 180.85
33 750.25 240.20
34 800.80 300.55
35 850.35 160.90
36 900.90 220.25
37 950.45 280.60
38 100.00 320.95
39 150.55 180.30
40 200.10 240.65
41 250.65 300.10
42 300.20 160.45
43 350.75 220.80
44 400.30 280.25
45 450.85 320.60
46 500.40 180.95
47 550.95 240.30
48 600.50 300.65
49 650.05 160.20
50 700.60 220.55
# ... (продовження до 999)
# Для генерації повного файлу запустіть GenerateLargeCities.cs 