1 500 400
2 500 400
3 501 400
4 501 400
5 502 401
6 502 401
7 502 402
8 502 402
9 502 403
10 502 404
11 502 404
12 502 405
13 501 406
14 501 406
15 500 407
16 499 407
17 498 408
18 497 408
19 496 408
20 495 409
21 494 409
22 493 408
23 492 408
24 491 408
25 489 407
26 488 406
27 487 405
28 486 404
29 485 403
30 485 402
31 484 400
32 484 399
33 483 397
34 483 395
35 483 393
36 483 392
37 484 390
38 484 388
39 485 386
40 486 384
41 488 383
42 489 381
43 491 380
44 493 379
45 495 378
46 497 377
47 499 376
48 502 376
49 504 375
50 507 376
51 509 376
52 512 377
53 514 377
54 517 379
55 519 380
56 521 382
57 523 384
58 525 386
59 527 388
60 528 391
61 529 394
62 530 397
63 531 400
64 531 403
65 531 406
66 531 410
67 530 413
68 529 416
69 528 419
70 526 422
71 524 425
72 521 428
73 519 431
74 516 433
75 512 435
76 509 436
77 505 438
78 502 438
79 498 439
80 494 439
81 490 439
82 486 438
83 482 437
84 478 435
85 474 433
86 470 431
87 467 428
88 464 425
89 461 422
90 458 418
91 456 414
92 455 410
93 453 405
94 453 401
95 452 396
96 452 391
97 453 386
98 454 382
99 455 377
100 458 372
101 460 368
102 463 364
103 466 360
104 470 356
105 475 353
106 479 351
107 484 348
108 489 347
109 494 345
110 500 345
111 505 344
112 511 345
113 516 346
114 522 347
115 527 349
116 532 352
117 537 355
118 542 359
119 546 363
120 550 367
121 554 372
122 556 378
123 559 383
124 561 389
125 562 395
126 562 402
127 562 408
128 562 414
129 560 421
130 558 427
131 556 433
132 553 439
133 549 444
134 545 449
135 540 454
136 534 458
137 529 462
138 522 465
139 516 467
140 509 469
141 502 470
142 495 470
143 488 470
144 481 469
145 474 467
146 467 465
147 460 462
148 454 458
149 448 453
150 443 448
151 438 443
152 433 436
153 429 430
154 426 423
155 424 416
156 422 408
157 421 400
158 421 392
159 421 384
160 423 376
161 425 369
162 428 361
163 432 354
164 436 347
165 442 341
166 447 335
167 454 330
168 461 325
169 468 321
170 476 318
171 484 315
172 493 314
173 501 313
174 510 313
175 519 314
176 527 316
177 536 319
178 544 322
179 552 327
180 559 332
181 566 338
182 572 344
183 578 352
184 582 360
185 586 368
186 590 377
187 592 386
188 593 395
189 594 404
190 593 414
191 592 423
192 590 432
193 586 442
194 582 450
195 577 459
196 571 466
197 564 474
198 557 480
199 549 486
200 540 491
201 531 495
202 522 498
203 512 500
204 502 501
205 491 502
206 481 501
207 471 499
208 461 496
209 451 492
210 442 487
211 433 482
212 425 475
213 417 467
214 411 459
215 405 450
216 400 441
217 396 431
218 392 420
219 390 409
220 390 399
221 390 387
222 391 376
223 393 366
224 397 355
225 401 345
226 407 335
227 413 326
228 421 317
229 429 309
230 438 302
231 448 296
232 458 291
233 469 287
234 481 284
235 492 282
236 504 282
237 516 282
238 528 284
239 539 287
240 550 291
241 561 296
242 572 302
243 581 310
244 590 318
245 598 327
246 605 337
247 612 348
248 617 359
249 621 371
250 623 383
251 625 395
252 625 408
253 624 421
254 622 433
255 618 445
256 614 457
257 608 469
258 601 479
259 593 489
260 584 499
261 574 507
262 563 514
263 551 520
264 539 525
265 526 529
266 513 532
267 500 533
268 487 533
269 473 531
270 460 529
271 447 524
272 435 519
273 423 512
274 412 505
275 401 496
276 392 486
277 383 475
278 376 463
279 370 451
280 365 437
281 361 424
282 359 410
283 358 396
284 359 382
285 361 368
286 364 354
287 369 340
288 375 327
289 382 315
290 391 303
291 401 293
292 412 283
293 424 274
294 436 267
295 450 261
296 464 256
297 478 253
298 493 251
299 508 250
300 523 251
301 537 254
302 552 258
303 566 263
304 580 270
305 592 279
306 604 288
307 615 299
308 625 311
309 634 323
310 641 337
311 647 351
312 652 366
313 655 381
314 656 397
315 656 413
316 655 428
317 652 444
318 647 459
319 641 474
320 633 488
321 624 501
322 613 513
323 602 524
324 589 534
325 576 543
326 561 550
327 546 556
328 530 561
329 514 563
330 497 564
331 481 564
332 464 562
333 448 558
334 432 552
335 417 545
336 403 537
337 389 527
338 377 516
339 365 503
340 355 489
341 347 475
342 339 459
343 334 443
344 330 426
345 327 409
346 327 392
347 328 375
348 331 358
349 335 341
350 341 325
351 349 309
352 359 294
353 369 280
354 382 267
355 395 256
356 410 246
357 425 237
358 442 230
359 459 225
360 476 221
361 494 219
362 512 219
363 531 221
364 548 224
365 566 229
366 583 236
367 599 245
368 614 255
369 628 267
370 641 280
371 653 295
372 663 310
373 671 327
374 678 344
375 683 362
376 687 381
377 688 400
378 688 419
379 685 437
380 681 456
381 675 474
382 667 491
383 657 508
384 646 523
385 633 538
386 619 551
387 604 562
388 587 572
389 570 581
390 551 587
391 533 592
392 513 595
393 494 596
394 474 595
395 454 592
396 435 587
397 417 580
398 399 571
399 382 561
400 366 549
401 352 535
402 338 520
403 327 503
404 317 486
405 309 467
406 302 448
407 298 428
408 296 408
409 295 387
410 297 367
411 301 347
412 307 327
413 314 308
414 324 290
415 335 272
416 349 256
417 363 242
418 380 228
419 397 217
420 416 207
421 435 199
422 455 193
423 476 189
424 497 188
425 518 188
426 539 190
427 560 195
428 581 201
429 600 210
430 619 221
431 636 233
432 653 247
433 668 263
434 681 280
435 692 299
436 702 318
437 709 339
438 715 360
439 718 381
440 719 403
441 718 425
442 715 447
443 710 469
444 702 490
445 693 510
446 681 529
447 668 546
448 653 563
449 636 578
450 618 591
451 598 602
452 578 612
453 556 619
454 534 624
455 512 627
456 489 627
457 466 626
458 444 622
459 421 615
460 400 607
461 380 596
462 360 584
463 342 569
464 326 553
465 311 535
466 298 516
467 287 496
468 278 474
469 271 452
470 266 429
471 264 405
472 264 382
473 267 358
474 271 335
475 279 312
476 288 290
477 299 270
478 313 250
479 329 232
480 346 215
481 365 200
482 385 187
483 407 177
484 429 168
485 453 162
486 477 158
487 501 156
488 525 157
489 549 160
490 573 166
491 596 174
492 619 184
493 640 197
494 660 211
495 678 228
496 695 246
497 709 266
498 722 288
499 733 310
500 741 334
501 100 100
502 140 100
503 180 100
504 220 100
505 260 100
506 300 100
507 340 100
508 380 100
509 420 100
510 460 100
511 500 100
512 540 100
513 580 100
514 620 100
515 660 100
516 700 100
517 740 100
518 780 100
519 820 100
520 860 100
521 900 100
522 940 100
523 980 100
524 999 100
525 999 100
526 100 140
527 140 140
528 180 140
529 220 140
530 260 140
531 300 140
532 340 140
533 380 140
534 420 140
535 460 140
536 500 140
537 540 140
538 580 140
539 620 140
540 660 140
541 700 140
542 740 140
543 780 140
544 820 140
545 860 140
546 900 140
547 940 140
548 980 140
549 999 140
550 999 140
551 100 180
552 140 180
553 180 180
554 220 180
555 260 180
556 300 180
557 340 180
558 380 180
559 420 180
560 460 180
561 500 180
562 540 180
563 580 180
564 620 180
565 660 180
566 700 180
567 740 180
568 780 180
569 820 180
570 860 180
571 900 180
572 940 180
573 980 180
574 999 180
575 999 180
576 100 220
577 140 220
578 180 220
579 220 220
580 260 220
581 300 220
582 340 220
583 380 220
584 420 220
585 460 220
586 500 220
587 540 220
588 580 220
589 620 220
590 660 220
591 700 220
592 740 220
593 780 220
594 820 220
595 860 220
596 900 220
597 940 220
598 980 220
599 999 220
600 999 220
601 100 260
602 140 260
603 180 260
604 220 260
605 260 260
606 300 260
607 340 260
608 380 260
609 420 260
610 460 260
611 500 260
612 540 260
613 580 260
614 620 260
615 660 260
616 700 260
617 740 260
618 780 260
619 820 260
620 860 260
621 900 260
622 940 260
623 980 260
624 999 260
625 999 260
626 100 300
627 140 300
628 180 300
629 220 300
630 260 300
631 300 300
632 340 300
633 380 300
634 420 300
635 460 300
636 500 300
637 540 300
638 580 300
639 620 300
640 660 300
641 700 300
642 740 300
643 780 300
644 820 300
645 860 300
646 900 300
647 940 300
648 980 300
649 999 300
650 999 300
651 100 340
652 140 340
653 180 340
654 220 340
655 260 340
656 300 340
657 340 340
658 380 340
659 420 340
660 460 340
661 500 340
662 540 340
663 580 340
664 620 340
665 660 340
666 700 340
667 740 340
668 780 340
669 820 340
670 860 340
671 900 340
672 940 340
673 980 340
674 999 340
675 999 340
676 100 380
677 140 380
678 180 380
679 220 380
680 260 380
681 300 380
682 340 380
683 380 380
684 420 380
685 460 380
686 500 380
687 540 380
688 580 380
689 620 380
690 660 380
691 700 380
692 740 380
693 780 380
694 820 380
695 860 380
696 900 380
697 940 380
698 980 380
699 999 380
700 999 380
701 100 420
702 140 420
703 180 420
704 220 420
705 260 420
706 300 420
707 340 420
708 380 420
709 420 420
710 460 420
711 500 420
712 540 420
713 580 420
714 620 420
715 660 420
716 700 420
717 740 420
718 780 420
719 820 420
720 860 420
721 900 420
722 940 420
723 980 420
724 999 420
725 999 420
726 100 460
727 140 460
728 180 460
729 220 460
730 260 460
731 300 460
732 340 460
733 380 460
734 420 460
735 460 460
736 500 460
737 540 460
738 580 460
739 620 460
740 660 460
741 700 460
742 740 460
743 780 460
744 820 460
745 860 460
746 900 460
747 940 460
748 980 460
749 999 460
750 999 460
751 100 500
752 140 500
753 180 500
754 220 500
755 260 500
756 300 500
757 340 500
758 380 500
759 420 500
760 460 500
761 500 500
762 540 500
763 580 500
764 620 500
765 660 500
766 700 500
767 740 500
768 780 500
769 820 500
770 860 500
771 900 500
772 940 500
773 980 500
774 999 500
775 999 500
776 100 540
777 140 540
778 180 540
779 220 540
780 260 540
781 300 540
782 340 540
783 380 540
784 420 540
785 460 540
786 500 540
787 540 540
788 580 540
789 620 540
790 660 540
791 700 540
792 740 540
793 780 540
794 820 540
795 860 540
796 900 540
797 940 540
798 980 540
799 999 540
800 999 540
801 100 580
802 140 580
803 180 580
804 220 580
805 260 580
806 300 580
807 340 580
808 380 580
809 420 580
810 460 580
811 500 580
812 540 580
813 580 580
814 620 580
815 660 580
816 700 580
817 740 580
818 780 580
819 820 580
820 860 580
821 900 580
822 940 580
823 980 580
824 999 580
825 999 580
826 100 620
827 140 620
828 180 620
829 220 620
830 260 620
831 300 620
832 340 620
833 380 620
834 420 620
835 460 620
836 500 620
837 540 620
838 580 620
839 620 620
840 660 620
841 700 620
842 740 620
843 780 620
844 820 620
845 860 620
846 900 620
847 940 620
848 980 620
849 999 620
850 999 620
851 100 660
852 140 660
853 180 660
854 220 660
855 260 660
856 300 660
857 340 660
858 380 660
859 420 660
860 460 660
861 500 660
862 540 660
863 580 660
864 620 660
865 660 660
866 700 660
867 740 660
868 780 660
869 820 660
870 860 660
871 900 660
872 940 660
873 980 660
874 999 660
875 999 660
876 100 700
877 140 700
878 180 700
879 220 700
880 260 700
881 300 700
882 340 700
883 380 700
884 420 700
885 460 700
886 500 700
887 540 700
888 580 700
889 620 700
890 660 700
891 700 700
892 740 700
893 780 700
894 820 700
895 860 700
896 900 700
897 940 700
898 980 700
899 999 700
900 999 700
901 100 740
902 140 740
903 180 740
904 220 740
905 260 740
906 300 740
907 340 740
908 380 740
909 420 740
910 460 740
911 500 740
912 540 740
913 580 740
914 620 740
915 660 740
916 700 740
917 740 740
918 780 740
919 820 740
920 860 740
921 900 740
922 940 740
923 980 740
924 999 740
925 999 740
926 100 780
927 140 780
928 180 780
929 220 780
930 260 780
931 300 780
932 340 780
933 380 780
934 420 780
935 460 780
936 500 780
937 540 780
938 580 780
939 620 780
940 660 780
941 700 780
942 740 780
943 780 780
944 820 780
945 860 780
946 900 780
947 940 780
948 980 780
949 999 780
950 999 780
951 100 799
952 140 799
953 180 799
954 220 799
955 260 799
956 300 799
957 340 799
958 380 799
959 420 799
960 460 799
961 500 799
962 540 799
963 580 799
964 620 799
965 660 799
966 700 799
967 740 799
968 780 799
969 820 799
970 860 799
971 900 799
972 940 799
973 980 799
974 999 799
975 999 799
976 100 799
977 140 799
978 180 799
979 220 799
980 260 799
981 300 799
982 340 799
983 380 799
984 420 799
985 460 799
986 500 799
987 540 799
988 580 799
989 620 799
990 660 799
991 700 799
992 740 799
993 780 799
994 820 799
995 860 799
996 900 799
997 940 799
998 980 799
999 999 799
1000 999 799
1001 700 400
1002 698 424
1003 693 449
1004 686 473
1005 675 495
1006 662 517
1007 646 536
1008 628 553
1009 608 568
1010 586 580
1011 563 589
1012 538 596
1013 514 599
1014 489 599
1015 464 596
1016 440 590
1017 416 581
1018 394 570
1019 374 555
1020 355 538
1021 339 519
1022 326 498
1023 315 476
1024 307 452
1025 302 428
1026 300 403
1027 301 378
1028 305 353
1029 312 329
1030 322 307
1031 335 285
1032 351 266
1033 369 248
1034 389 233
1035 410 221
1036 433 211
1037 457 204
1038 482 200
1039 507 200
1040 532 202
1041 556 208
1042 580 216
1043 602 228
1044 623 242
1045 641 258
1046 658 277
1047 672 298
1048 683 320
1049 692 344
1050 697 368
1051 730 400
1052 728 428
1053 722 456
1054 714 484
1055 701 510
1056 686 534
1057 668 556
1058 647 576
1059 624 593
1060 599 607
1061 572 618
1062 544 625
1063 516 629
1064 487 629
1065 459 626
1066 431 619
1067 404 609
1068 378 595
1069 355 578
1070 334 559
1071 315 537
1072 300 513
1073 287 487
1074 278 460
1075 272 432
1076 270 403
1077 271 375
1078 276 346
1079 284 319
1080 296 293
1081 311 268
1082 329 246
1083 349 225
1084 372 208
1085 397 194
1086 423 182
1087 451 175
1088 479 170
1089 508 170
1090 537 173
1091 565 179
1092 592 189
1093 617 202
1094 641 218
1095 662 237
1096 681 259
1097 698 283
1098 711 308
1099 720 335
1100 727 363
1101 760 400
1102 757 432
1103 751 464
1104 741 495
1105 728 524
1106 710 552
1107 690 577
1108 666 599
1109 640 618
1110 612 634
1111 581 646
1112 550 655
1113 518 659
1114 485 659
1115 453 655
1116 422 648
1117 391 636
1118 363 621
1119 336 602
1120 312 580
1121 291 555
1122 273 528
1123 259 499
1124 249 468
1125 242 436
1126 240 404
1127 241 371
1128 247 339
1129 256 308
1130 269 279
1131 286 251
1132 306 225
1133 330 203
1134 355 183
1135 384 167
1136 413 154
1137 445 145
1138 477 140
1139 509 140
1140 542 143
1141 573 150
1142 604 161
1143 633 176
1144 659 195
1145 684 216
1146 705 240
1147 723 267
1148 738 296
1149 749 327
1150 756 359
1151 790 400
1152 787 436
1153 780 471
1154 769 506
1155 754 539
1156 735 569
1157 712 597
1158 685 622
1159 656 644
1160 625 661
1161 591 675
1162 556 684
1163 520 689
1164 484 689
1165 448 685
1166 413 676
1167 379 663
1168 347 646
1169 317 625
1170 291 601
1171 267 573
1172 247 543
1173 231 510
1174 220 476
1175 212 440
1176 210 404
1177 211 368
1178 217 332
1179 228 298
1180 243 265
1181 262 234
1182 284 205
1183 310 180
1184 339 158
1185 370 140
1186 404 126
1187 438 116
1188 474 111
1189 510 110
1190 546 113
1191 582 121
1192 616 134
1193 648 150
1194 678 171
1195 705 195
1196 729 222
1197 749 252
1198 766 284
1199 778 318
1200 786 354
1201 820 400
1202 817 439
1203 810 479
1204 797 517
1205 780 553
1206 759 587
1207 734 618
1208 705 645
1209 672 669
1210 637 688
1211 600 703
1212 562 713
1213 522 719
1214 482 719
1215 442 714
1216 404 705
1217 366 690
1218 331 672
1219 298 648
1220 269 621
1221 243 591
1222 221 558
1223 204 522
1224 191 484
1225 183 445
1226 180 405
1227 181 365
1228 188 325
1229 200 287
1230 216 251
1231 237 217
1232 262 185
1233 290 157
1234 322 133
1235 357 113
1236 394 98
1237 432 87
1238 472 81
1239 512 80
1240 551 84
1241 590 93
1242 628 106
1243 663 125
1244 696 147
1245 726 174
1246 753 204
1247 775 237
1248 793 272
1249 807 310
1250 816 349
1251 850 400
1252 847 443
1253 839 486
1254 825 528
1255 807 567
1256 783 604
1257 756 638
1258 724 668
1259 689 694
1260 650 715
1261 610 732
1262 568 743
1263 524 749
1264 481 749
1265 437 744
1266 395 733
1267 354 718
1268 315 697
1269 280 672
1270 247 642
1271 219 609
1272 195 572
1273 176 533
1274 162 492
1275 153 449
1276 150 405
1277 152 362
1278 159 319
1279 172 277
1280 190 237
1281 212 199
1282 239 165
1283 271 135
1284 306 108
1285 343 86
1286 384 69
1287 426 57
1288 469 51
1289 513 50
1290 556 54
1291 599 64
1292 640 79
1293 679 99
1294 715 124
1295 748 153
1296 776 185
1297 801 222
1298 821 261
1299 836 302
1300 845 344
1301 880 400
1302 877 447
1303 868 494
1304 853 539
1305 833 582
1306 808 622
1307 778 659
1308 743 691
1309 705 719
1310 663 742
1311 619 760
1312 573 772
1313 526 779
1314 479 779
1315 432 773
1316 386 762
1317 341 745
1318 300 723
1319 261 695
1320 226 663
1321 195 627
1322 169 587
1323 148 545
1324 133 500
1325 123 453
1326 120 406
1327 122 358
1328 130 312
1329 144 266
1330 163 223
1331 188 182
1332 217 145
1333 251 112
1334 289 83
1335 330 59
1336 374 41
1337 419 28
1338 466 21
1339 514 20
1340 561 25
1341 607 35
1342 652 51
1343 694 73
1344 733 100
1345 769 131
1346 800 167
1347 827 206
1348 848 249
1349 864 293
1350 875 340
1351 910 400
1352 906 451
1353 897 501
1354 881 550
1355 859 596
1356 832 639
1357 799 679
1358 762 714
1359 721 745
1360 676 769
1361 629 789
1362 579 799
1363 529 799
1364 477 799
1365 426 799
1366 377 791
1367 329 772
1368 284 748
1369 242 719
1370 204 684
1371 171 645
1372 143 602
1373 121 556
1374 104 508
1375 94 457
1376 90 406
1377 92 355
1378 101 305
1379 116 256
1380 136 209
1381 163 165
1382 195 125
1383 232 89
1384 272 58
1385 317 33
1386 364 13
1387 413 0
1388 464 0
1389 515 0
1390 566 0
1391 616 6
1392 664 24
1393 709 47
1394 752 76
1395 790 110
1396 824 149
1397 853 191
1398 876 237
1399 893 285
1400 904 335
1401 940 400
1402 936 454
1403 926 508
1404 909 561
1405 886 610
1406 856 657
1407 821 699
1408 782 737
1409 737 770
1410 689 796
1411 638 799
1412 585 799
1413 531 799
1414 476 799
1415 421 799
1416 368 799
1417 316 799
1418 268 774
1419 223 742
1420 183 705
1421 147 663
1422 117 617
1423 93 567
1424 75 515
1425 64 462
1426 60 407
1427 62 352
1428 71 298
1429 87 245
1430 110 195
1431 138 148
1432 173 105
1433 212 67
1434 256 33
1435 303 6
1436 354 0
1437 407 0
1438 461 0
1439 516 0
1440 571 0
1441 624 0
1442 676 0
1443 725 22
1444 770 53
1445 811 89
1446 848 130
1447 878 176
1448 903 225
1449 922 277
1450 934 330
1451 970 400
1452 966 458
1453 955 516
1454 937 572
1455 912 625
1456 881 674
1457 843 720
1458 801 760
1459 753 795
1460 702 799
1461 648 799
1462 591 799
1463 533 799
1464 474 799
1465 416 799
1466 359 799
1467 304 799
1468 252 799
1469 204 765
1470 161 726
1471 123 681
1472 91 632
1473 65 579
1474 46 523
1475 34 466
1476 30 407
1477 32 349
1478 42 291
1479 59 235
1480 83 181
1481 114 131
1482 150 85
1483 192 44
1484 239 8
1485 290 0
1486 344 0
1487 400 0
1488 458 0
1489 517 0
1490 576 0
1491 633 0
1492 688 0
1493 740 0
1494 789 29
1495 833 68
1496 871 112
1497 904 161
1498 931 213
1499 951 268
1500 964 325
1501 116 64
1502 62 102
1503 66 76
1504 122 101
1505 67 126
1506 73 75
1507 100 82
1508 88 76
1509 101 53
1510 131 107
1511 89 65
1512 59 120
1513 131 103
1514 54 121
1515 64 140
1516 119 101
1517 68 54
1518 80 108
1519 132 50
1520 103 130
1521 124 88
1522 64 52
1523 55 128
1524 112 61
1525 74 127
1526 78 114
1527 64 54
1528 110 101
1529 55 92
1530 905 694
1531 832 601
1532 854 640
1533 810 707
1534 810 669
1535 801 719
1536 865 677
1537 874 601
1538 924 601
1539 800 609
1540 898 605
1541 937 739
1542 869 656
1543 892 606
1544 855 621
1545 865 718
1546 879 660
1547 844 736
1548 888 710
1549 802 732
1550 943 649
1551 906 624
1552 815 667
1553 849 716
1554 822 620
1555 832 688
1556 876 748
1557 914 700
1558 907 643
1559 882 748
1560 650 19
1561 345 743
1562 27 175
1563 265 30
1564 216 473
1565 422 74
1566 993 97
1567 106 257
1568 323 600
1569 825 7
1570 42 672
1571 895 190
1572 926 676
1573 279 436
1574 634 500
1575 192 237
1576 183 23
1577 230 746
1578 987 625
1579 135 706
1580 186 235
1581 559 444
1582 712 97
1583 598 313
1584 880 355
1585 348 771
1586 463 434
1587 947 648
1588 128 85
1589 2 145
1590 940 576
1591 404 472
1592 400 99
1593 910 771
1594 890 138
1595 333 433
1596 615 753
1597 822 597
1598 280 271
1599 525 643
1600 74 138
1601 116 68
1602 77 72
1603 133 114
1604 58 92
1605 130 138
1606 127 145
1607 144 96
1608 139 146
1609 65 108
1610 71 113
1611 100 120
1612 61 130
1613 84 102
1614 122 70
1615 102 128
1616 108 69
1617 143 55
1618 55 71
1619 81 67
1620 79 77
1621 138 97
1622 86 95
1623 126 116
1624 149 85
1625 135 81
1626 68 143
1627 109 111
1628 88 145
1629 57 97
1630 932 646
1631 937 732
1632 933 602
1633 844 687
1634 802 733
1635 861 701
1636 898 747
1637 844 741
1638 912 604
1639 851 698
1640 806 702
1641 878 654
1642 851 632
1643 890 696
1644 890 648
1645 899 614
1646 820 726
1647 843 746
1648 852 600
1649 886 652
1650 823 627
1651 896 616
1652 941 627
1653 898 629
1654 896 697
1655 929 653
1656 892 663
1657 864 629
1658 918 683
1659 880 700
1660 411 523
1661 974 557
1662 225 249
1663 540 650
1664 693 253
1665 589 601
1666 451 791
1667 501 687
1668 41 330
1669 420 130
1670 562 325
1671 1 762
1672 461 247
1673 484 571
1674 414 76
1675 188 637
1676 463 725
1677 939 400
1678 208 757
1679 882 506
1680 639 674
1681 505 259
1682 63 87
1683 904 500
1684 919 455
1685 153 301
1686 134 299
1687 109 4
1688 652 17
1689 235 733
1690 827 660
1691 398 478
1692 128 633
1693 288 435
1694 50 0
1695 651 75
1696 530 629
1697 523 575
1698 901 541
1699 889 281
1700 90 135
1701 129 134
1702 144 131
1703 116 58
1704 129 143
1705 134 68
1706 121 146
1707 130 131
1708 94 140
1709 69 77
1710 132 86
1711 107 141
1712 141 55
1713 134 84
1714 135 88
1715 60 147
1716 63 138
1717 101 146
1718 53 105
1719 115 81
1720 62 69
1721 124 61
1722 65 96
1723 88 106
1724 148 120
1725 77 149
1726 98 111
1727 103 54
1728 78 137
1729 142 138
1730 944 647
1731 835 661
1732 924 730
1733 808 724
1734 868 725
1735 917 733
1736 837 731
1737 821 693
1738 892 668
1739 914 668
1740 901 642
1741 855 621
1742 817 616
1743 874 676
1744 852 670
1745 902 623
1746 894 716
1747 852 722
1748 944 650
1749 842 642
1750 861 683
1751 816 621
1752 938 657
1753 911 690
1754 871 736
1755 864 723
1756 816 670
1757 830 702
1758 942 614
1759 844 708
1760 378 433
1761 477 788
1762 152 503
1763 262 380
1764 524 261
1765 661 220
1766 174 387
1767 44 99
1768 172 179
1769 213 581
1770 365 712
1771 35 353
1772 38 689
1773 42 123
1774 570 537
1775 866 688
1776 43 450
1777 902 694
1778 76 99
1779 989 237
1780 123 215
1781 78 120
1782 248 123
1783 648 501
1784 428 64
1785 509 578
1786 884 453
1787 356 389
1788 506 28
1789 947 233
1790 587 86
1791 904 682
1792 460 640
1793 231 489
1794 581 141
1795 47 38
1796 235 733
1797 603 76
1798 812 707
1799 192 706
1800 71 91
1801 122 99
1802 66 64
1803 147 97
1804 70 91
1805 86 54
1806 67 119
1807 120 51
1808 86 72
1809 119 94
1810 142 53
1811 54 75
1812 53 96
1813 98 146
1814 146 76
1815 117 112
1816 134 56
1817 57 67
1818 88 91
1819 119 81
1820 132 125
1821 90 66
1822 131 50
1823 137 103
1824 70 108
1825 123 108
1826 69 124
1827 146 67
1828 86 97
1829 95 120
1830 898 601
1831 876 741
1832 911 710
1833 829 617
1834 892 680
1835 894 742
1836 880 655
1837 893 625
1838 895 731
1839 865 603
1840 888 742
1841 914 656
1842 879 613
1843 864 614
1844 815 735
1845 920 736
1846 943 748
1847 899 722
1848 836 668
1849 863 611
1850 921 713
1851 937 700
1852 943 716
1853 807 723
1854 817 718
1855 881 673
1856 805 664
1857 816 705
1858 837 620
1859 862 697
1860 310 78
1861 10 571
1862 736 577
1863 996 435
1864 709 647
1865 926 140
1866 454 287
1867 217 667
1868 33 73
1869 418 601
1870 35 486
1871 980 249
1872 363 249
1873 872 419
1874 879 768
1875 568 83
1876 41 617
1877 766 568
1878 745 162
1879 932 187
1880 782 406
1881 110 248
1882 865 292
1883 35 541
1884 213 220
1885 669 124
1886 718 531
1887 617 562
1888 117 559
1889 351 339
1890 849 377
1891 665 599
1892 240 657
1893 134 545
1894 593 405
1895 89 663
1896 159 147
1897 969 421
1898 496 536
1899 445 798
1900 77 69
1901 81 110
1902 79 91
1903 88 87
1904 65 56
1905 109 54
1906 135 100
1907 88 81
1908 134 86
1909 56 54
1910 73 85
1911 58 120
1912 68 134
1913 149 103
1914 119 59
1915 70 94
1916 75 85
1917 64 115
1918 66 56
1919 95 132
1920 93 125
1921 102 102
1922 141 54
1923 147 115
1924 130 115
1925 118 63
1926 110 90
1927 126 142
1928 61 110
1929 91 95
1930 862 727
1931 902 609
1932 928 621
1933 918 674
1934 854 709
1935 822 717
1936 935 636
1937 891 670
1938 923 683
1939 919 621
1940 929 651
1941 910 605
1942 860 610
1943 926 727
1944 887 633
1945 881 683
1946 896 601
1947 861 687
1948 811 669
1949 900 715
1950 837 671
1951 843 610
1952 876 735
1953 835 653
1954 918 644
1955 814 683
1956 921 641
1957 888 610
1958 817 696
1959 898 718
1960 300 751
1961 911 109
1962 187 472
1963 136 713
1964 831 19
1965 396 289
1966 884 21
1967 892 307
1968 53 530
1969 525 402
1970 835 389
1971 59 233
1972 124 789
1973 748 296
1974 422 270
1975 465 344
1976 806 705
1977 466 248
1978 566 123
1979 882 736
1980 766 274
1981 527 614
1982 897 589
1983 671 625
1984 380 162
1985 19 364
1986 120 123
1987 953 650
1988 879 495
1989 11 161
1990 841 613
1991 469 394
1992 558 772
1993 555 1
1994 560 465
1995 817 719
1996 780 483
1997 736 393
1998 959 233
1999 394 309
2000 81 146
