1 45 67
2 123 89
3 234 156
4 345 234
5 456 345
6 567 456
7 678 567
8 789 678
9 890 789
10 901 890
11 67 123
12 89 234
13 156 345
14 234 456
15 345 567
16 456 678
17 567 789
18 678 890
19 789 901
20 890 67
21 123 89
22 234 156
23 345 234
24 456 345
25 567 456
26 678 567
27 789 678
28 890 789
29 901 890
30 67 123
31 89 234
32 156 345
33 234 456
34 345 567
35 456 678
36 567 789
37 678 890
38 789 901
39 890 67
40 123 89
41 234 156
42 345 234
43 456 345
44 567 456
45 678 567
46 789 678
47 890 789
48 901 890
49 67 123
50 89 234
51 156 345
52 234 456
53 345 567
54 456 678
55 567 789
56 678 890
57 789 901
58 890 67
59 123 89
60 234 156
61 345 234
62 456 345
63 567 456
64 678 567
65 789 678
66 890 789
67 901 890
68 67 123
69 89 234
70 156 345
71 234 456
72 345 567
73 456 678
74 567 789
75 678 890
76 789 901
77 890 67
78 123 89
79 234 156
80 345 234
81 456 345
82 567 456
83 678 567
84 789 678
85 890 789
86 901 890
87 67 123
88 89 234
89 156 345
90 234 456
91 345 567
92 456 678
93 567 789
94 678 890
95 789 901
96 890 67
97 123 89
98 234 156
99 345 234
100 456 345
101 567 456
102 678 567
103 789 678
104 890 789
105 901 890
106 67 123
107 89 234
108 156 345
109 234 456
110 345 567
111 456 678
112 567 789
113 678 890
114 789 901
115 890 67
116 123 89
117 234 156
118 345 234
119 456 345
120 567 456
121 678 567
122 789 678
123 890 789
124 901 890
125 67 123
126 89 234
127 156 345
128 234 456
129 345 567
130 456 678
131 567 789
132 678 890
133 789 901
134 890 67
135 123 89
136 234 156
137 345 234
138 456 345
139 567 456
140 678 567
141 789 678
142 890 789
143 901 890
144 67 123
145 89 234
146 156 345
147 234 456
148 345 567
149 456 678
150 567 789
151 678 890
152 789 901
153 890 67
154 123 89
155 234 156
156 345 234
157 456 345
158 567 456
159 678 567
160 789 678
161 890 789
162 901 890
163 67 123
164 89 234
165 156 345
166 234 456
167 345 567
168 456 678
169 567 789
170 678 890
171 789 901
172 890 67
173 123 89
174 234 156
175 345 234
176 456 345
177 567 456
178 678 567
179 789 678
180 890 789
181 901 890
182 67 123
183 89 234
184 156 345
185 234 456
186 345 567
187 456 678
188 567 789
189 678 890
190 789 901
191 890 67
192 123 89
193 234 156
194 345 234
195 456 345
196 567 456
197 678 567
198 789 678
199 890 789
200 901 890
201 67 123
202 89 234
203 156 345
204 234 456
205 345 567
206 456 678
207 567 789
208 678 890
209 789 901
210 890 67
211 123 89
212 234 156
213 345 234
214 456 345
215 567 456
216 678 567
217 789 678
218 890 789
219 901 890
220 67 123
221 89 234
222 156 345
223 234 456
224 345 567
225 456 678
226 567 789
227 678 890
228 789 901
229 890 67
230 123 89
231 234 156
232 345 234
233 456 345
234 567 456
235 678 567
236 789 678
237 890 789
238 901 890
239 67 123
240 89 234
241 156 345
242 234 456
243 345 567
244 456 678
245 567 789
246 678 890
247 789 901
248 890 67
249 123 89
250 234 156
251 345 234
252 456 345
253 567 456
254 678 567
255 789 678
256 890 789
257 901 890
258 67 123
259 89 234
260 156 345
261 234 456
262 345 567
263 456 678
264 567 789
265 678 890
266 789 901
267 890 67
268 123 89
269 234 156
270 345 234
271 456 345
272 567 456
273 678 567
274 789 678
275 890 789
276 901 890
277 67 123
278 89 234
279 156 345
280 234 456
281 345 567
282 456 678
283 567 789
284 678 890
285 789 901
286 890 67
287 123 89
288 234 156
289 345 234
290 456 345
291 567 456
292 678 567
293 789 678
294 890 789
295 901 890
296 67 123
297 89 234
298 156 345
299 234 456
300 345 567
301 456 678
302 567 789
303 678 890
304 789 901
305 890 67
306 123 89
307 234 156
308 345 234
309 456 345
310 567 456
311 678 567
312 789 678
313 890 789
314 901 890
315 67 123
316 89 234
317 156 345
318 234 456
319 345 567
320 456 678
321 567 789
322 678 890
323 789 901
324 890 67
325 123 89
326 234 156
327 345 234
328 456 345
329 567 456
330 678 567
331 789 678
332 890 789
333 901 890
334 67 123
335 89 234
336 156 345
337 234 456
338 345 567
339 456 678
340 567 789
341 678 890
342 789 901
343 890 67
344 123 89
345 234 156
346 345 234
347 456 345
348 567 456
349 678 567
350 789 678
351 890 789
352 901 890
353 67 123
354 89 234
355 156 345
356 234 456
357 345 567
358 456 678
359 567 789
360 678 890
361 789 901
362 890 67
363 123 89
364 234 156
365 345 234
366 456 345
367 567 456
368 678 567
369 789 678
370 890 789
371 901 890
372 67 123
373 89 234
374 156 345
375 234 456
376 345 567
377 456 678
378 567 789
379 678 890
380 789 901
381 890 67
382 123 89
383 234 156
384 345 234
385 456 345
386 567 456
387 678 567
388 789 678
389 890 789
390 901 890
391 67 123
392 89 234
393 156 345
394 234 456
395 345 567
396 456 678
397 567 789
398 678 890
399 789 901
400 890 67
401 123 89
402 234 156
403 345 234
404 456 345
405 567 456
406 678 567
407 789 678
408 890 789
409 901 890
410 67 123
411 89 234
412 156 345
413 234 456
414 345 567
415 456 678
416 567 789
417 678 890
418 789 901
419 890 67
420 123 89
421 234 156
422 345 234
423 456 345
424 567 456
425 678 567
426 789 678
427 890 789
428 901 890
429 67 123
430 89 234
431 156 345
432 234 456
433 345 567
434 456 678
435 567 789
436 678 890
437 789 901
438 890 67
439 123 89
440 234 156
441 345 234
442 456 345
443 567 456
444 678 567
445 789 678
446 890 789
447 901 890
448 67 123
449 89 234
450 156 345
451 234 456
452 345 567
453 456 678
454 567 789
455 678 890
456 789 901
457 890 67
458 123 89
459 234 156
460 345 234
461 456 345
462 567 456
463 678 567
464 789 678
465 890 789
466 901 890
467 67 123
468 89 234
469 156 345
470 234 456
471 345 567
472 456 678
473 567 789
474 678 890
475 789 901
476 890 67
477 123 89
478 234 156
479 345 234
480 456 345
481 567 456
482 678 567
483 789 678
484 890 789
485 901 890
486 67 123
487 89 234
488 156 345
489 234 456
490 345 567
491 456 678
492 567 789
493 678 890
494 789 901
495 890 67
496 123 89
497 234 156
498 345 234
499 456 345
500 567 456
501 678 567
502 789 678
503 890 789
504 901 890
505 67 123
506 89 234
507 156 345
508 234 456
509 345 567
510 456 678
511 567 789
512 678 890
513 789 901
514 890 67
515 123 89
516 234 156
517 345 234
518 456 345
519 567 456
520 678 567
521 789 678
522 890 789
523 901 890
524 67 123
525 89 234
526 156 345
527 234 456
528 345 567
529 456 678
530 567 789
531 678 890
532 789 901
533 890 67
534 123 89
535 234 156
536 345 234
537 456 345
538 567 456
539 678 567
540 789 678
541 890 789
542 901 890
543 67 123
544 89 234
545 156 345
546 234 456
547 345 567
548 456 678
549 567 789
550 678 890
551 789 901
552 890 67
553 123 89
554 234 156
555 345 234
556 456 345
557 567 456
558 678 567
559 789 678
560 890 789
561 901 890
562 67 123
563 89 234
564 156 345
565 234 456
566 345 567
567 456 678
568 567 789
569 678 890
570 789 901
571 890 67
572 123 89
573 234 156
574 345 234
575 456 345
576 567 456
577 678 567
578 789 678
579 890 789
580 901 890
581 67 123
582 89 234
583 156 345
584 234 456
585 345 567
586 456 678
587 567 789
588 678 890
589 789 901
590 890 67
591 123 89
592 234 156
593 345 234
594 456 345
595 567 456
596 678 567
597 789 678
598 890 789
599 901 890
600 67 123
601 89 234
602 156 345
603 234 456
604 345 567
605 456 678
606 567 789
607 678 890
608 789 901
609 890 67
610 123 89
611 234 156
612 345 234
613 456 345
614 567 456
615 678 567
616 789 678
617 890 789
618 901 890
619 67 123
620 89 234
621 156 345
622 234 456
623 345 567
624 456 678
625 567 789
626 678 890
627 789 901
628 890 67
629 123 89
630 234 156
631 345 234
632 456 345
633 567 456
634 678 567
635 789 678
636 890 789
637 901 890
638 67 123
639 89 234
640 156 345
641 234 456
642 345 567
643 456 678
644 567 789
645 678 890
646 789 901
647 890 67
648 123 89
649 234 156
650 345 234
651 456 345
652 567 456
653 678 567
654 789 678
655 890 789
656 901 890
657 67 123
658 89 234
659 156 345
660 234 456
661 345 567
662 456 678
663 567 789
664 678 890
665 789 901
666 890 67
667 123 89
668 234 156
669 345 234
670 456 345
671 567 456
672 678 567
673 789 678
674 890 789
675 901 890
676 67 123
677 89 234
678 156 345
679 234 456
680 345 567
681 456 678
682 567 789
683 678 890
684 789 901
685 890 67
686 123 89
687 234 156
688 345 234
689 456 345
690 567 456
691 678 567
692 789 678
693 890 789
694 901 890
695 67 123
696 89 234
697 156 345
698 234 456
699 345 567
700 456 678
701 567 789
702 678 890
703 789 901
704 890 67
705 123 89
706 234 156
707 345 234
708 456 345
709 567 456
710 678 567
711 789 678
712 890 789
713 901 890
714 67 123
715 89 234
716 156 345
717 234 456
718 345 567
719 456 678
720 567 789
721 678 890
722 789 901
723 890 67
724 123 89
725 234 156
726 345 234
727 456 345
728 567 456
729 678 567
730 789 678
731 890 789
732 901 890
733 67 123
734 89 234
735 156 345
736 234 456
737 345 567
738 456 678
739 567 789
740 678 890
741 789 901
742 890 67
743 123 89
744 234 156
745 345 234
746 456 345
747 567 456
748 678 567
749 789 678
750 890 789
751 901 890
752 67 123
753 89 234
754 156 345
755 234 456
756 345 567
757 456 678
758 567 789
759 678 890
760 789 901
761 890 67
762 123 89
763 234 156
764 345 234
765 456 345
766 567 456
767 678 567
768 789 678
769 890 789
770 901 890
771 67 123
772 89 234
773 156 345
774 234 456
775 345 567
776 456 678
777 567 789
778 678 890
779 789 901
780 890 67
781 123 89
782 234 156
783 345 234
784 456 345
785 567 456
786 678 567
787 789 678
788 890 789
789 901 890
790 67 123
791 89 234
792 156 345
793 234 456
794 345 567
795 456 678
796 567 789
797 678 890
798 789 901
799 890 67
800 123 89
801 234 156
802 345 234
803 456 345
804 567 456
805 678 567
806 789 678
807 890 789
808 901 890
809 67 123
810 89 234
811 156 345
812 234 456
813 345 567
814 456 678
815 567 789
816 678 890
817 789 901
818 890 67
819 123 89
820 234 156
821 345 234
822 456 345
823 567 456
824 678 567
825 789 678
826 890 789
827 901 890
828 67 123
829 89 234
830 156 345
831 234 456
832 345 567
833 456 678
834 567 789
835 678 890
836 789 901
837 890 67
838 123 89
839 234 156
840 345 234
841 456 345
842 567 456
843 678 567
844 789 678
845 890 789
846 901 890
847 67 123
848 89 234
849 156 345
850 234 456
851 345 567
852 456 678
853 567 789
854 678 890
855 789 901
856 890 67
857 123 89
858 234 156
859 345 234
860 456 345
861 567 456
862 678 567
863 789 678
864 890 789
865 901 890
866 67 123
867 89 234
868 156 345
869 234 456
870 345 567
871 456 678
872 567 789
873 678 890
874 789 901
875 890 67
876 123 89
877 234 156
878 345 234
879 456 345
880 567 456
881 678 567
882 789 678
883 890 789
884 901 890
885 67 123
886 89 234
887 156 345
888 234 456
889 345 567
890 456 678
891 567 789
892 678 890
893 789 901
894 890 67
895 123 89
896 234 156
897 345 234
898 456 345
899 567 456
900 678 567
901 789 678
902 890 789
903 901 890
904 67 123
905 89 234
906 156 345
907 234 456
908 345 567
909 456 678
910 567 789
911 678 890
912 789 901
913 890 67
914 123 89
915 234 156
916 345 234
917 456 345
918 567 456
919 678 567
920 789 678
921 890 789
922 901 890
923 67 123
924 89 234
925 156 345
926 234 456
927 345 567
928 456 678
929 567 789
930 678 890
931 789 901
932 890 67
933 123 89
934 234 156
935 345 234
936 456 345
937 567 456
938 678 567
939 789 678
940 890 789
941 901 890
942 67 123
943 89 234
944 156 345
945 234 456
946 345 567
947 456 678
948 567 789
949 678 890
950 789 901
951 890 67
952 123 89
953 234 156
954 345 234
955 456 345
956 567 456
957 678 567
958 789 678
959 890 789
960 901 890
961 67 123
962 89 234
963 156 345
964 234 456
965 345 567
966 456 678
967 567 789
968 678 890
969 789 901
970 890 67
971 123 89
972 234 156
973 345 234
974 456 345
975 567 456
976 678 567
977 789 678
978 890 789
979 901 890
980 67 123
981 89 234
982 156 345
983 345 234
984 456 345
985 567 456
986 678 567
987 789 678
988 890 789
989 901 890
990 67 123
991 89 234
992 156 345
993 234 456
994 345 567
995 456 678
996 567 789
997 678 890
998 789 901
999 890 67
1000 123 89 