# Формат: ID X Y
# Кожен рядок представляє одне місто
# 500 міст для тестування TSP модуля
0 100.50 200.30
1 150.75 180.45
2 200.25 250.80
3 120.90 300.15
4 180.60 150.90
5 250.40 220.70
6 300.80 180.25
7 350.15 250.60
8 400.70 300.90
9 450.25 180.40
10 500.90 220.75
11 550.35 280.50
12 600.80 150.30
13 650.45 200.85
14 700.20 260.40
15 750.75 180.90
16 800.30 240.25
17 850.85 300.60
18 900.40 160.75
19 950.95 220.20
20 100.10 280.85
21 150.65 320.40
22 200.20 180.95
23 250.75 240.30
24 300.30 300.65
25 350.85 160.20
26 400.40 220.55
27 450.95 280.90
28 500.50 140.35
29 550.05 200.70
30 600.60 260.15
31 650.15 320.50
32 700.70 180.85
33 750.25 240.20
34 800.80 300.55
35 850.35 160.90
36 900.90 220.25
37 950.45 280.60
38 100.00 320.95
39 150.55 180.30
40 200.10 240.65
41 250.65 300.10
42 300.20 160.45
43 350.75 220.80
44 400.30 280.25
45 450.85 320.60
46 500.40 180.95
47 550.95 240.30
48 600.50 300.65
49 650.05 160.20
50 700.60 220.55
51 750.15 280.90
52 800.70 320.35
53 850.25 180.70
54 900.80 240.15
55 950.35 300.50
56 100.90 160.85
57 150.45 220.20
58 200.00 280.55
59 250.55 320.90
60 300.10 180.25
61 350.65 240.60
62 400.20 300.05
63 450.75 160.40
64 500.30 220.75
65 550.85 280.20
66 600.40 320.55
67 650.95 180.90
68 700.50 240.25
69 750.05 300.60
70 800.60 160.95
71 850.15 220.30
72 900.70 280.65
73 950.25 320.10
74 100.80 180.45
75 150.35 240.80
76 200.90 300.25
77 250.45 160.60
78 300.00 220.95
79 350.55 280.30
80 400.10 320.65
81 450.65 180.10
82 500.20 240.45
83 550.75 300.80
84 600.30 160.25
85 650.85 220.60
86 700.40 280.95
87 750.95 320.30
88 800.50 180.65
89 850.05 240.10
90 900.60 300.45
91 950.15 160.80
92 100.70 220.25
93 150.25 280.60
94 200.80 320.95
95 250.35 180.30
96 300.90 240.65
97 350.45 300.10
98 400.00 160.45
99 450.55 220.80
100 500.10 280.25
101 550.65 320.60
102 600.20 180.95
103 650.75 240.30
104 700.30 300.65
105 750.85 160.20
106 800.40 220.55
107 850.95 280.90
108 900.50 320.35
109 950.05 180.70
110 100.60 240.15
111 150.15 300.50
112 200.70 160.85
113 250.25 220.20
114 300.80 280.55
115 350.35 320.90
116 400.90 180.25
117 450.45 240.60
118 500.00 300.05
119 550.55 160.40
120 600.10 220.75
121 650.65 280.20
122 700.20 320.55
123 750.75 180.90
124 800.30 240.25
125 850.85 300.60
126 900.40 160.95
127 950.95 220.30
128 100.50 280.65
129 150.05 320.10
130 200.60 180.45
131 250.15 240.80
132 300.70 300.25
133 350.25 160.60
134 400.80 220.95
135 450.35 280.30
136 500.90 320.65
137 550.45 180.10
138 600.00 240.45
139 650.55 300.80
140 700.10 160.25
141 750.65 220.60
142 800.20 280.95
143 850.75 320.30
144 900.30 180.65
145 950.85 240.10
146 100.40 300.45
147 150.95 160.80
148 200.50 220.25
149 250.05 280.60
150 300.60 320.95
151 350.15 180.30
152 400.70 240.65
153 450.25 300.10
154 500.80 160.45
155 550.35 220.80
156 600.90 280.25
157 650.45 320.60
158 700.00 180.95
159 750.55 240.30
160 800.10 300.65
161 850.65 160.20
162 900.20 220.55
163 950.75 280.90
164 100.30 320.35
165 150.85 180.70
166 200.40 240.15
167 250.95 300.50
168 300.50 160.85
169 350.05 220.20
170 400.60 280.55
171 450.15 320.90
172 500.70 180.25
173 550.25 240.60
174 600.80 300.05
175 650.35 160.40
176 700.90 220.75
177 750.45 280.20
178 800.00 320.55
179 850.55 180.90
180 900.10 240.25
181 950.65 300.60
182 100.20 160.95
183 150.75 220.30
184 200.30 280.65
185 250.85 320.10
186 300.40 180.45
187 350.95 240.80
188 400.50 300.25
189 450.05 160.60
190 500.60 220.95
191 550.15 280.30
192 600.70 320.65
193 650.25 180.10
194 700.80 240.45
195 750.35 300.80
196 800.90 160.25
197 850.45 220.60
198 900.00 280.95
199 950.55 320.30
200 100.10 180.65
201 150.65 240.10
202 200.20 300.45
203 250.75 160.80
204 300.30 220.25
205 350.85 280.60
206 400.40 320.95
207 450.95 180.30
208 500.50 240.65
209 550.05 300.10
210 600.60 160.45
211 650.15 220.80
212 700.70 280.25
213 750.25 320.60
214 800.80 180.95
215 850.35 240.30
216 900.90 300.65
217 950.45 160.20
218 100.00 220.55
219 150.55 280.90
220 200.10 320.35
221 250.65 180.70
222 300.20 240.15
223 350.75 300.50
224 400.30 160.85
225 450.85 220.20
226 500.40 280.55
227 550.95 320.90
228 600.50 180.25
229 650.05 240.60
230 700.60 300.05
231 750.15 160.40
232 800.70 220.75
233 850.25 280.20
234 900.80 320.55
235 950.35 180.90
236 100.90 240.25
237 150.45 300.60
238 200.00 160.95
239 250.55 220.30
240 300.10 280.65
241 350.65 320.10
242 400.20 180.45
243 450.75 240.80
244 500.30 300.25
245 550.85 160.60
246 600.40 220.95
247 650.95 280.30
248 700.50 320.65
249 750.05 180.10
250 800.60 240.45
251 850.15 300.80
252 900.70 160.25
253 950.25 220.60
254 100.80 280.95
255 150.35 320.30
256 200.90 180.65
257 250.45 240.10
258 300.00 300.45
259 350.55 160.80
260 400.10 220.25
261 450.65 280.60
262 500.20 320.95
263 550.75 180.30
264 600.30 240.65
265 650.85 300.10
266 700.40 160.45
267 750.95 220.80
268 800.50 280.25
269 850.05 320.60
270 900.60 180.95
271 950.15 240.30
272 100.70 300.65
273 150.25 160.20
274 200.80 220.55
275 250.35 280.90
276 300.90 320.35
277 350.45 180.70
278 400.00 240.15
279 450.55 300.50
280 500.10 160.85
281 550.65 220.20
282 600.20 280.55
283 650.75 320.90
284 700.30 180.25
285 750.85 240.60
286 800.40 300.05
287 850.95 160.40
288 900.50 220.75
289 950.05 280.20
290 100.60 320.55
291 150.15 180.90
292 200.70 240.25
293 250.25 300.60
294 300.80 160.95
295 350.35 220.30
296 400.90 280.65
297 450.45 320.10
298 500.00 180.45
299 550.55 240.80
300 600.10 300.25
301 650.65 160.60
302 700.20 220.95
303 750.75 280.30
304 800.30 320.65
305 850.85 180.10
306 900.40 240.45
307 950.95 300.80
308 100.50 160.25
309 150.05 220.60
310 200.60 280.95
311 250.15 320.30
312 300.70 180.65
313 350.25 240.10
314 400.80 300.45
315 450.35 160.80
316 500.90 220.25
317 550.45 280.60
318 600.00 320.95
319 650.55 180.30
320 700.10 240.65
321 750.65 300.10
322 800.20 160.45
323 850.75 220.80
324 900.30 280.25
325 950.85 320.60
326 100.40 180.95
327 150.95 240.30
328 200.50 300.65
329 250.05 160.20
330 300.60 220.55
331 350.15 280.90
332 400.70 320.35
333 450.25 180.70
334 500.80 240.15
335 550.35 300.50
336 600.90 160.85
337 650.45 220.20
338 700.00 280.55
339 750.55 320.90
340 800.10 180.25
341 850.65 240.60
342 900.20 300.05
343 950.75 160.40
344 100.30 220.75
345 150.85 280.20
346 200.40 320.55
347 250.95 180.90
348 300.50 240.25
349 350.05 300.60
350 400.60 160.95
351 450.15 220.30
352 500.70 280.65
353 550.25 320.10
354 600.80 180.45
355 650.35 240.80
356 700.90 300.25
357 750.45 160.60
358 800.00 220.95
359 850.55 280.30
360 900.10 320.65
361 950.65 180.10
362 100.20 240.45
363 150.75 300.80
364 200.30 160.25
365 250.85 220.60
366 300.40 280.95
367 350.95 320.30
368 400.50 180.65
369 450.05 240.10
370 500.60 300.45
371 550.15 160.80
372 600.70 220.25
373 650.25 280.60
374 700.80 320.95
375 750.35 180.30
376 800.90 240.65
377 850.45 300.10
378 900.00 160.45
379 950.55 220.80
380 100.10 280.25
381 150.65 320.60
382 200.20 180.95
383 250.75 240.30
384 300.30 300.65
385 350.85 160.20
386 400.40 220.55
387 450.95 280.90
388 500.50 320.35
389 550.05 180.70
390 600.60 240.15
391 650.15 300.50
392 700.70 160.85
393 750.25 220.20
394 800.80 280.55
395 850.35 320.90
396 900.90 180.25
397 950.45 240.60
398 100.00 300.05
399 150.55 160.40
400 200.10 220.75
401 250.65 280.20
402 300.20 320.55
403 350.75 180.90
404 400.30 240.25
405 450.85 300.60
406 500.40 160.95
407 550.95 220.30
408 600.50 280.65
409 650.05 320.10
410 700.60 180.45
411 750.15 240.80
412 800.70 300.25
413 850.25 160.60
414 900.80 220.95
415 950.35 280.30
416 100.90 320.65
417 150.45 180.10
418 200.00 240.45
419 250.55 300.80
420 300.10 160.25
421 350.65 220.60
422 400.20 280.95
423 450.75 320.30
424 500.30 180.65
425 550.85 240.10
426 600.40 300.45
427 650.95 160.80
428 700.50 220.25
429 750.05 280.60
430 800.60 320.95
431 850.15 180.30
432 900.70 240.65
433 950.25 300.10
434 100.80 160.45
435 150.35 220.80
436 200.90 280.25
437 250.45 320.60
438 300.00 180.95
439 350.55 240.30
440 400.10 300.65
441 450.65 160.20
442 500.20 220.55
443 550.75 280.90
444 600.30 320.35
445 650.85 180.70
446 700.40 240.15
447 750.95 300.50
448 800.50 160.85
449 850.05 220.20
450 900.60 280.55
451 950.15 320.90
452 100.70 180.25
453 150.25 240.60
454 200.80 300.05
455 250.35 160.40
456 300.90 220.75
457 350.45 280.20
458 400.00 320.55
459 450.55 180.90
460 500.10 240.25
461 550.65 300.60
462 600.20 160.95
463 650.75 220.30
464 700.30 280.65
465 750.85 320.10
466 800.40 180.45
467 850.95 240.80
468 900.50 300.25
469 950.05 160.60
470 100.60 220.95
471 150.15 280.30
472 200.70 320.65
473 250.25 180.10
474 300.80 240.45
475 350.35 300.80
476 400.90 160.25
477 450.45 220.60
478 500.00 280.95
479 550.55 320.30
480 600.10 180.65
481 650.65 240.10
482 700.20 300.45
483 750.75 160.80
484 800.30 220.25
485 850.85 280.60
486 900.40 320.95
487 950.95 180.30
488 100.50 240.65
489 150.05 300.10
490 200.60 160.45
491 250.15 220.80
492 300.70 280.25
493 350.25 320.60
494 400.80 180.95
495 450.35 240.30
496 500.90 300.65
497 550.45 160.20
498 600.00 220.55
499 650.55 280.90 