1 11 11
2 2 31
3 29 11
4 51 8
5 59 50
6 54 34
7 69 25
8 63 52
9 52 37
10 81 79
11 99 70
12 106 81
13 124 60
14 100 94
15 122 96
16 146 80
17 137 107
18 136 100
19 132 132
20 153 123
21 152 142
22 163 118
23 174 128
24 174 128
25 196 134
26 212 137
27 234 178
28 212 187
29 248 172
30 260 182
31 232 174
32 259 185
33 245 200
34 289 191
35 292 196
36 292 198
37 307 240
38 319 244
39 308 237
40 318 249
41 308 230
42 330 250
43 325 275
44 339 270
45 356 263
46 365 278
47 395 293
48 383 305
49 385 309
50 384 309
51 401 321
52 408 301
53 424 320
54 423 344
55 420 323
56 450 328
57 436 332
58 466 328
59 487 338
60 471 345
61 482 357
62 508 370
63 514 359
64 496 404
65 519 408
66 531 398
67 535 411
68 539 393
69 564 398
70 578 419
71 574 413
72 581 414
73 595 422
74 594 453
75 589 449
76 589 444
77 619 482
78 619 450
79 615 489
80 640 478
81 646 477
82 656 474
83 675 478
84 686 495
85 695 507
86 676 527
87 683 534
88 704 514
89 719 543
90 727 545
91 727 542
92 747 532
93 761 552
94 771 563
95 754 563
96 750 594
97 780 581
98 765 582
99 800 596
100 791 611
101 799 597
102 830 624
103 814 609
104 813 635
105 839 618
