1 80 138
2 184 229
3 210 182
4 205 102
5 166 206
6 98 64
7 175 230
8 98 98
9 157 244
10 51 104
11 59 83
12 59 206
13 219 145
14 159 75
15 138 184
16 106 188
17 215 162
18 82 155
19 114 83
20 149 241
21 81 217
22 71 115
23 243 89
24 150 62
25 223 146
26 174 96
27 213 135
28 112 246
29 128 228
30 59 115
31 72 179
32 214 232
33 149 160
34 99 63
35 198 193
36 234 123
37 144 59
38 72 92
39 61 194
40 213 180
41 244 147
42 102 242
43 60 59
44 224 129
45 99 85
46 76 136
47 74 84
48 218 151
49 52 89
50 215 132
51 240 137
52 113 79
53 162 100
54 201 203
55 113 70
56 235 183
57 65 128
58 121 174
59 127 221
60 222 139
61 185 219
62 213 162
63 166 147
64 99 110
65 91 170
66 89 221
67 228 130
68 190 157
69 84 72
70 129 209
71 107 70
72 66 79
73 100 143
74 121 195
75 212 93
76 73 81
77 117 125
78 196 70
79 173 200
80 163 64
81 50 141
82 162 192
83 231 63
84 204 185
85 188 213
86 140 105
87 141 62
88 82 165
89 202 183
90 112 73
91 76 153
92 148 247
93 146 57
94 154 153
95 183 169
96 233 133
97 159 115
98 208 216
99 158 124
100 98 87
101 188 186
102 57 249
103 203 218
104 189 105
105 93 81
106 117 239
107 138 139
108 238 146
109 242 165
110 95 223
111 158 101
112 51 68
113 229 57
114 196 76
115 103 115
116 57 128
117 135 75
118 135 140
119 146 148
120 94 178
121 118 99
122 109 151
123 101 244
124 245 69
125 126 112
126 223 242
127 78 125
128 178 136
129 184 238
130 69 195
131 72 162
132 51 228
133 74 239
134 154 112
135 54 147
136 50 144
137 121 167
138 154 109
139 241 150
140 216 235
141 62 177
142 199 241
143 141 64
144 99 60
145 147 248
146 206 158
147 129 148
148 156 206
149 97 131
150 126 112
151 139 182
152 64 229
153 112 129
154 171 161
155 220 118
156 144 84
157 71 83
158 183 144
159 212 60
160 136 60
161 190 144
162 215 56
163 191 142
164 64 222
165 61 198
166 62 160
167 73 154
168 145 129
169 162 220
170 179 62
171 143 187
172 89 78
173 153 171
174 136 95
175 215 61
176 243 86
177 245 116
178 172 245
179 217 57
180 87 219
181 114 198
182 150 72
183 105 234
184 61 167
185 187 103
186 232 242
187 131 124
188 167 52
189 105 186
190 153 69
191 55 219
192 56 249
193 204 226
194 165 206
195 231 150
196 162 154
197 182 209
198 197 194
199 87 66
200 222 168
201 160 218
202 157 162
203 79 51
204 204 170
205 199 170
206 190 80
207 154 68
208 213 145
209 192 150
210 117 129
211 119 104
212 185 87
213 190 127
214 109 172
215 176 222
216 214 88
217 214 234
218 159 87
219 111 144
220 220 203
221 71 244
222 57 111
223 210 132
224 50 164
225 245 101
226 51 187
227 198 142
228 99 106
229 82 120
230 221 201
231 192 81
232 243 226
233 205 151
234 115 169
235 158 176
236 84 98
237 179 164
238 107 124
239 97 124
240 126 108
241 127 194
242 177 125
243 220 77
244 140 121
245 185 102
246 54 240
247 172 69
248 60 239
249 50 80
250 155 109
251 66 130
252 55 118
253 67 203
254 57 83
255 85 224
256 58 208
257 243 163
258 124 248
259 154 168
260 55 178
261 61 244
262 234 105
263 172 93
264 175 160
265 154 117
266 124 66
267 218 67
268 92 246
269 188 108
270 107 67
271 69 106
272 85 211
273 94 95
274 247 59
275 195 62
276 135 132
277 75 227
278 98 71
279 146 199
280 196 223
281 78 147
282 179 217
283 150 242
284 240 225
285 121 127
286 109 96
287 110 238
288 158 204
289 208 72
290 61 126
291 96 166
292 214 141
293 232 242
294 240 240
295 219 70
296 150 238
297 161 134
298 238 171
299 176 118
300 111 101
301 105 71
302 188 117
303 203 89
304 71 87
305 118 143
306 113 123
307 187 120
308 177 161
309 182 88
310 235 158
311 51 249
312 56 100
313 226 121
314 184 226
315 249 236
316 77 140
317 211 210
318 71 75
319 228 147
320 188 193
321 220 203
322 171 126
323 207 77
324 100 91
325 206 127
326 239 138
327 132 203
328 99 105
329 64 137
330 141 131
331 155 95
332 87 132
333 115 222
334 161 227
335 99 152
336 183 85
337 149 92
338 187 98
339 128 180
340 143 198
341 70 142
342 69 172
343 247 188
344 57 58
345 161 215
346 60 140
347 55 106
348 88 175
349 165 89
350 60 234
351 166 123
352 242 104
353 193 203
354 238 90
355 65 50
356 227 134
357 244 192
358 111 62
359 75 165
360 134 177
361 214 152
362 115 133
363 141 92
364 79 93
365 54 61
366 182 88
367 169 158
368 82 197
369 149 215
370 228 93
371 200 217
372 243 160
373 238 175
374 146 113
375 244 75
376 150 50
377 204 133
378 69 63
379 57 159
380 212 150
381 173 195
382 85 53
383 118 188
384 214 135
385 160 164
386 162 109
387 186 90
388 227 247
389 159 205
390 144 216
391 196 216
392 98 229
393 161 181
394 134 86
395 138 68
396 190 240
397 52 127
398 170 54
399 181 239
400 91 100
401 210 60
402 203 130
403 162 90
404 114 163
405 156 72
406 154 101
407 65 246
408 204 207
409 146 106
410 142 186
411 104 178
412 247 141
413 223 172
414 106 108
415 170 222
416 115 170
417 163 93
418 55 186
419 62 217
420 116 121
421 117 220
422 180 116
423 164 138
424 225 56
425 173 212
426 157 125
427 147 154
428 246 82
429 63 111
430 157 239
431 233 55
432 243 183
433 207 233
434 187 221
435 240 68
436 194 179
437 240 71
438 119 134
439 247 181
440 227 135
441 197 100
442 185 208
443 114 240
444 73 58
445 97 222
446 172 201
447 110 126
448 137 111
449 226 246
450 159 180
451 200 53
452 65 154
453 67 228
454 135 126
455 85 162
456 85 131
457 134 71
458 92 183
459 120 84
460 119 216
461 210 178
462 174 67
463 145 243
464 118 163
465 183 57
466 157 50
467 71 97
468 184 193
469 84 80
470 190 135
471 154 197
472 223 184
473 187 91
474 117 89
475 84 203
476 241 191
477 177 192
478 219 71
479 129 247
480 58 73
481 160 221
482 192 77
483 55 84
484 109 87
485 136 148
486 149 89
487 143 233
488 112 63
489 205 239
490 130 104
491 176 79
492 129 230
493 66 215
494 122 129
495 127 163
496 114 86
497 71 167
498 225 183
499 54 195
500 179 153
501 231 80
502 202 185
503 104 202
504 98 194
505 130 205
506 116 139
507 167 204
508 147 130
509 142 211
510 61 90
511 211 230
512 209 223
513 84 112
514 67 226
515 57 179
516 58 59
517 110 226
518 123 146
519 127 193
520 176 113
521 167 178
522 249 171
523 96 224
524 168 117
525 69 145
526 90 93
527 184 139
528 191 51
529 120 228
530 150 241
531 184 121
532 187 200
533 197 106
534 79 190
535 130 50
536 53 199
537 85 197
538 173 83
539 230 87
540 176 110
541 194 199
542 206 162
543 138 215
544 125 220
545 85 122
546 75 148
547 92 184
548 178 95
549 241 98
550 224 240
551 194 227
552 933 569
553 815 641
554 709 736
555 907 657
556 725 582
557 764 590
558 758 735
559 843 574
560 777 731
561 926 609
562 831 558
563 918 654
564 832 650
565 723 627
566 753 681
567 778 686
568 844 716
569 903 687
570 724 747
571 897 638
572 705 678
573 764 743
574 759 551
575 809 693
576 864 716
577 933 743
578 711 635
579 790 728
580 755 737
581 931 657
582 909 638
583 780 639
584 912 665
585 856 630
586 728 726
587 706 614
588 729 642
589 768 726
590 895 731
591 771 654
592 715 625
593 882 626
594 881 619
595 859 579
596 817 734
597 816 581
598 715 600
599 850 665
600 779 712
601 729 682
602 795 557
603 851 704
604 901 672
605 911 665
606 738 645
607 727 612
608 863 630
609 818 642
610 878 737
611 880 649
612 934 645
613 933 588
614 804 722
615 765 723
616 915 688
617 841 744
618 898 674
619 734 555
620 893 741
621 844 572
622 825 561
623 948 748
624 902 581
625 826 681
626 894 578
627 916 625
628 722 673
629 880 730
630 725 632
631 789 738
632 787 746
633 879 641
634 928 577
635 829 556
636 765 639
637 872 701
638 790 671
639 948 725
640 820 738
641 794 602
642 789 670
643 721 694
644 907 587
645 920 584
646 925 597
647 931 621
648 850 677
649 890 654
650 784 657
651 719 684
652 858 644
653 799 616
654 812 571
655 704 646
656 855 718
657 805 582
658 708 569
659 845 699
660 923 749
661 857 695
662 763 619
663 732 555
664 830 616
665 738 695
666 911 644
667 835 739
668 915 691
669 856 727
670 751 700
671 767 694
672 742 630
673 837 561
674 903 702
675 781 651
676 713 552
677 856 618
678 927 620
679 804 607
680 786 623
681 903 573
682 937 608
683 858 579
684 775 645
685 775 615
686 817 689
687 836 578
688 882 731
689 839 720
690 898 563
691 753 701
692 701 680
693 868 716
694 911 589
695 709 651
696 771 617
697 834 717
698 935 580
699 892 725
700 891 630
701 889 617
702 814 749
703 708 621
704 817 647
705 853 550
706 898 662
707 823 605
708 738 560
709 728 610
710 854 710
711 775 570
712 810 708
713 710 577
714 739 691
715 750 665
716 733 685
717 721 628
718 777 725
719 774 551
720 854 613
721 790 622
722 846 556
723 877 694
724 910 602
725 870 727
726 709 644
727 765 742
728 725 680
729 923 682
730 939 729
731 750 701
732 771 557
733 917 573
734 819 570
735 941 605
736 888 570
737 870 610
738 809 738
739 828 631
740 720 613
741 773 728
742 706 612
743 834 682
744 804 574
745 773 681
746 945 677
747 712 693
748 728 670
749 718 660
750 740 669
751 761 697
752 773 631
753 733 737
754 896 741
755 831 581
756 734 647
757 845 678
758 850 611
759 882 744
760 824 591
761 874 620
762 902 612
763 773 573
764 713 743
765 746 716
766 916 742
767 760 647
768 717 661
769 849 674
770 744 670
771 918 642
772 849 576
773 829 648
774 713 632
775 728 711
776 918 570
777 713 741
778 924 728
779 932 747
780 728 553
781 920 714
782 892 687
783 772 584
784 761 569
785 842 559
786 876 571
787 898 728
788 783 597
789 888 684
790 898 709
791 716 678
792 912 626
793 940 703
794 927 607
795 847 585
796 856 672
797 826 582
798 880 560
799 872 731
800 910 618
801 762 741
802 909 563
803 725 702
804 776 582
805 855 682
806 734 601
807 748 613
808 937 598
809 942 628
810 882 654
811 766 741
812 826 628
813 805 568
814 850 676
815 743 606
816 836 719
817 907 639
818 837 571
819 901 706
820 769 589
821 815 699
822 866 735
823 709 623
824 805 588
825 752 646
826 720 609
827 745 613
828 719 608
829 812 638
830 861 551
831 740 684
832 946 618
833 728 608
834 806 698
835 892 718
836 809 587
837 727 656
838 716 652
839 773 665
840 788 560
841 868 632
842 805 688
843 749 599
844 866 652
845 792 601
846 863 622
847 734 604
848 708 707
849 890 614
850 903 699
851 935 685
852 805 623
853 711 728
854 747 679
855 763 662
856 949 724
857 722 668
858 782 699
859 762 608
860 735 723
861 856 732
862 792 652
863 747 565
864 713 717
865 823 605
866 887 744
867 891 671
868 728 749
869 947 561
870 862 611
871 714 552
872 764 711
873 765 706
874 767 659
875 935 607
876 834 644
877 745 739
878 729 555
879 776 732
880 744 743
881 909 620
882 738 745
883 903 554
884 726 646
885 819 616
886 889 588
887 860 716
888 901 672
889 863 662
890 762 630
891 900 651
892 923 591
893 884 606
894 897 714
895 822 567
896 873 566
897 920 686
898 817 691
899 914 605
900 948 597
901 870 708
902 717 671
903 832 619
904 906 619
905 734 651
906 792 698
907 865 704
908 741 616
909 814 739
910 759 656
911 758 606
912 948 628
913 860 685
914 777 742
915 790 570
916 888 625
917 842 552
918 881 552
919 809 607
920 869 628
921 813 638
922 870 746
923 878 740
924 805 571
925 829 577
926 762 732
927 710 642
928 701 629
929 899 685
930 941 720
931 708 722
932 945 557
933 888 749
934 743 679
935 711 580
936 923 584
937 767 719
938 719 707
939 849 552
940 869 687
941 763 590
942 811 595
943 912 717
944 784 570
945 701 615
946 753 702
947 779 714
948 789 668
949 815 679
950 757 693
951 894 704
952 715 622
953 761 566
954 861 588
955 796 593
956 899 707
957 949 605
958 850 716
959 804 701
960 746 732
961 864 563
962 860 694
963 934 576
964 912 639
965 822 647
966 327 761
967 782 768
968 910 385
969 140 65
970 980 615
971 195 114
972 717 633
973 527 339
974 763 33
975 222 420
976 174 562
977 458 251
978 57 569
979 131 272
980 425 91
981 229 159
982 704 720
983 888 677
984 5 30
985 367 94
986 692 268
987 777 334
988 718 413
989 349 679
990 193 411
991 367 646
992 222 770
993 311 499
994 493 374
995 902 158
996 350 639
997 656 692
998 540 796
999 438 653
1000 903 544
1001 418 580
1002 675 84
1003 832 671
1004 925 32
1005 595 432
1006 361 226
1007 147 728
1008 747 337
1009 976 592
1010 589 210
1011 353 429
1012 134 134
1013 767 714
1014 679 729
1015 877 578
1016 78 426
1017 945 410
1018 95 512
1019 133 94
1020 130 378
1021 698 362
1022 872 289
1023 836 54
1024 651 596
1025 117 95
1026 19 557
1027 227 511
1028 327 705
1029 591 405
1030 337 751
1031 159 11
1032 163 698
1033 461 663
1034 336 507
1035 815 85
1036 288 686
1037 610 93
1038 565 720
1039 664 617
1040 331 560
1041 242 747
1042 794 606
1043 702 305
1044 304 244
1045 186 171
1046 49 500
1047 780 153
1048 313 547
1049 289 799
1050 900 6
1051 730 13
1052 930 8
1053 830 128
1054 86 89
1055 74 341
1056 216 655
1057 175 509
1058 697 180
1059 219 323
1060 170 64
1061 524 24
1062 448 480
1063 56 529
1064 78 335
1065 803 704
1066 610 532
1067 872 259
1068 969 179
1069 3 626
1070 927 433
1071 294 154
1072 231 607
1073 997 184
1074 450 114
1075 494 69
1076 465 708
1077 829 655
1078 483 560
1079 569 263
1080 954 134
1081 82 534
1082 308 155
1083 816 441
1084 946 681
1085 668 378
1086 222 349
1087 476 503
1088 786 265
1089 798 550
1090 602 660
1091 211 748
1092 924 572
1093 415 580
1094 835 41
1095 840 214
1096 655 539
1097 829 607
1098 458 501
1099 884 30
1100 942 357
1101 283 479
1102 474 17
1103 865 23
1104 408 160
1105 33 121
1106 901 704
1107 727 102
1108 957 118
1109 742 473
1110 778 72
1111 715 715
1112 11 319
1113 817 438
1114 607 574
1115 170 127
1116 446 608
1117 745 124
1118 542 489
1119 460 722
1120 850 309
1121 317 508
1122 18 551
1123 367 619
1124 946 560
1125 801 248
1126 884 233
1127 258 681
1128 730 311
1129 588 60
1130 204 253
1131 421 552
1132 30 699
1133 705 112
1134 134 457
1135 585 276
1136 687 671
1137 741 313
1138 774 63
1139 876 257
1140 32 33
1141 601 724
1142 916 687
1143 274 123
1144 502 715
1145 425 122
1146 23 308
1147 698 426
1148 965 501
1149 605 115
1150 983 181
1151 640 300
1152 115 364
1153 623 35
1154 550 693
1155 77 520
1156 512 212
1157 42 129
1158 715 412
1159 774 136
1160 599 440
1161 638 192
1162 146 345
1163 321 241
1164 140 166
1165 427 117
1166 474 585
1167 338 644
1168 401 180
1169 790 367
1170 235 183
1171 603 508
1172 816 619
1173 640 606
1174 342 429
1175 817 359
1176 852 348
1177 544 346
1178 588 320
1179 229 546
1180 134 257
1181 904 274
1182 439 744
1183 176 624
1184 927 189
1185 760 391
1186 724 251
1187 934 295
1188 947 2
1189 423 297
1190 791 451
1191 959 483
1192 390 781
1193 294 31
1194 187 724
1195 217 1
1196 996 85
1197 325 731
1198 325 208
1199 195 709
1200 597 687
1201 830 84
1202 776 262
1203 724 430
1204 500 139
1205 485 468
1206 976 686
1207 891 456
1208 362 240
1209 952 369
1210 635 109
1211 592 17
1212 19 606
1213 492 494
1214 989 16
1215 44 548
1216 807 429
1217 773 745
1218 733 682
1219 827 49
1220 252 605
1221 539 10
1222 420 504
1223 25 111
1224 215 603
1225 551 20
1226 308 586
1227 251 368
1228 267 647
1229 85 14
1230 835 85
1231 548 383
1232 130 639
1233 778 351
1234 83 767
1235 837 407
1236 472 712
1237 209 702
1238 598 463
1239 600 311
1240 733 282
1241 401 187
1242 468 14
1243 377 59
1244 285 250
1245 665 739
1246 767 648
1247 226 116
1248 207 47
1249 882 496
1250 852 468
1251 55 205
1252 916 34
1253 553 334
1254 523 297
1255 862 550
1256 208 557
1257 284 385
1258 705 251
1259 10 89
1260 422 563
1261 153 616
1262 294 730
1263 741 529
1264 663 50
1265 670 430
1266 696 783
1267 536 117
1268 298 116
1269 317 340
1270 465 767
1271 550 730
1272 450 781
1273 715 56
1274 525 596
1275 440 715
1276 48 616
1277 198 117
1278 431 227
1279 962 2
1280 301 712
1281 754 367
1282 701 259
1283 991 182
1284 160 109
1285 183 448
1286 996 467
1287 646 370
1288 154 192
1289 320 253
1290 197 536
1291 136 734
1292 623 621
1293 489 740
1294 781 311
1295 715 10
1296 182 251
1297 124 459
1298 204 72
1299 211 101
1300 985 389
1301 909 310
1302 561 704
1303 897 371
1304 124 587
1305 992 152
1306 964 516
1307 805 504
1308 754 668
1309 836 740
1310 834 52
1311 447 617
1312 421 135
1313 377 545
1314 460 57
1315 259 51
1316 29 155
1317 330 568
1318 760 598
1319 356 594
1320 879 20
1321 800 37
1322 396 419
1323 48 429
1324 509 394
1325 819 294
1326 253 228
1327 292 735
1328 40 110
1329 966 313
1330 502 172
1331 3 42
1332 475 743
1333 161 616
1334 315 75
1335 869 5
1336 478 75
1337 46 646
1338 266 320
1339 374 717
1340 121 673
1341 172 773
1342 251 712
1343 810 594
1344 901 328
1345 670 497
1346 781 772
1347 240 530
1348 21 597
1349 571 374
1350 363 222
1351 221 331
1352 623 650
1353 889 127
1354 240 386
1355 653 511
1356 763 56
1357 270 528
1358 43 29
1359 801 467
1360 118 334
1361 869 723
1362 424 198
1363 225 410
1364 853 306
1365 786 415
1366 829 725
1367 533 675
1368 620 606
1369 342 351
1370 1 520
1371 503 334
1372 757 24
1373 858 568
1374 694 463
1375 619 787
1376 945 789
1377 348 755
1378 408 253
1379 990 300
