1 5 5
2 18 5
3 31 5
4 44 5
5 52 2
6 70 5
7 83 5
8 96 5
9 109 5
10 118 4
11 135 5
12 148 5
13 161 5
14 174 5
15 191 9
16 200 5
17 213 5
18 226 5
19 239 5
20 248 4
21 265 5
22 278 5
23 291 5
24 304 5
25 312 11
26 330 5
27 343 5
28 356 5
29 369 5
30 387 4
31 395 5
32 408 5
33 421 5
34 434 5
35 450 9
36 460 5
37 473 5
38 486 5
39 499 5
40 514 6
41 525 5
42 538 5
43 551 5
44 564 5
45 574 0
46 590 5
47 603 5
48 616 5
49 629 5
50 647 5
51 655 5
52 668 5
53 681 5
54 694 5
55 709 6
56 720 5
57 733 5
58 746 5
59 759 5
60 767 0
61 785 5
62 798 5
63 811 5
64 824 5
65 839 0
66 850 5
67 863 5
68 876 5
69 889 5
70 904 11
71 915 5
72 928 5
73 941 5
74 954 5
75 970 3
76 980 5
77 993 5
78 999 5
79 999 5
80 999 10
81 999 5
82 999 5
83 999 5
84 999 5
85 999 4
86 999 5
87 5 15
88 18 15
89 31 15
90 44 13
91 57 15
92 70 15
93 83 15
94 96 15
95 107 14
96 122 15
97 135 15
98 148 15
99 161 15
100 169 21
101 187 15
102 200 15
103 213 15
104 226 15
105 234 19
106 252 15
107 265 15
108 278 15
109 291 15
110 301 13
111 317 15
112 330 15
113 343 15
114 356 15
115 374 20
116 382 15
117 395 15
118 408 15
119 421 15
120 440 13
121 447 15
122 460 15
123 473 15
124 486 15
125 503 20
126 512 15
127 525 15
128 538 15
129 551 15
130 568 16
131 577 15
132 590 15
133 603 15
134 616 15
135 628 14
136 642 15
137 655 15
138 668 15
139 681 15
140 691 15
141 707 15
142 720 15
143 733 15
144 746 15
145 754 9
146 772 15
147 785 15
148 798 15
149 811 15
150 827 18
151 837 15
152 850 15
153 863 15
154 876 15
155 885 12
156 902 15
157 915 15
158 928 15
159 941 15
160 957 19
161 967 15
162 980 15
163 993 15
164 999 15
165 999 9
166 999 15
167 999 15
168 999 15
169 999 15
170 999 12
171 999 15
172 999 15
173 5 25
174 18 25
175 28 23
176 44 25
177 57 25
178 70 25
179 83 25
180 93 29
181 109 25
182 122 25
183 135 25
184 148 25
185 155 30
186 174 25
187 187 25
188 200 25
189 213 25
190 224 30
191 239 25
192 252 25
193 265 25
194 278 25
195 289 29
196 304 25
197 317 25
198 330 25
199 343 25
200 353 28
201 369 25
202 382 25
203 395 25
204 408 25
205 417 22
206 434 25
207 447 25
208 460 25
209 473 25
210 481 29
211 499 25
212 512 25
213 525 25
214 538 25
215 551 24
216 564 25
217 577 25
218 590 25
219 603 25
220 615 23
221 629 25
222 642 25
223 655 25
224 668 25
225 676 19
226 694 25
227 707 25
228 720 25
229 733 25
230 742 22
231 759 25
232 772 25
233 785 25
234 798 25
235 813 24
236 824 25
237 837 25
238 850 25
239 863 25
240 880 30
241 889 25
242 902 25
243 915 25
244 928 25
245 935 25
246 954 25
247 967 25
248 980 25
249 993 25
250 999 30
251 999 25
252 999 25
253 999 25
254 999 25
255 999 27
256 999 25
257 999 25
258 999 25
259 5 35
260 12 34
261 31 35
262 44 35
263 57 35
264 70 35
265 84 41
266 96 35
267 109 35
268 122 35
269 135 35
270 148 35
271 161 35
272 174 35
273 187 35
274 200 35
275 208 34
276 226 35
277 239 35
278 252 35
279 265 35
280 274 33
281 291 35
282 304 35
283 317 35
284 330 35
285 346 41
286 356 35
287 369 35
288 382 35
289 395 35
290 408 40
291 421 35
292 434 35
293 447 35
294 460 35
295 468 40
296 486 35
297 499 35
298 512 35
299 525 35
300 535 35
301 551 35
302 564 35
303 577 35
304 590 35
305 604 32
306 616 35
307 629 35
308 642 35
309 655 35
310 663 32
311 681 35
312 694 35
313 707 35
314 720 35
315 728 41
316 746 35
317 759 35
318 772 35
319 785 35
320 793 37
321 811 35
322 824 35
323 837 35
324 850 35
325 858 34
326 876 35
327 889 35
328 902 35
329 915 35
330 932 39
331 941 35
332 954 35
333 967 35
334 980 35
335 991 34
336 999 35
337 999 35
338 999 35
339 999 35
340 999 35
341 999 35
342 999 35
343 999 35
344 999 35
345 1 48
346 18 45
347 31 45
348 44 45
349 57 45
350 66 46
351 83 45
352 96 45
353 109 45
354 122 45
355 141 50
356 148 45
357 161 45
358 174 45
359 187 45
360 196 48
361 213 45
362 226 45
363 239 45
364 252 45
365 269 50
366 278 45
367 291 45
368 304 45
369 317 45
370 330 48
371 343 45
372 356 45
373 369 45
374 382 45
375 400 51
376 408 45
377 421 45
378 434 45
379 447 45
380 464 41
381 473 45
382 486 45
383 499 45
384 512 45
385 522 51
386 538 45
387 551 45
388 564 45
389 577 45
390 587 39
391 603 45
392 616 45
393 629 45
394 642 45
395 656 49
396 668 45
397 681 45
398 694 45
399 707 45
400 718 46
401 733 45
402 746 45
403 759 45
404 772 45
405 789 50
406 798 45
407 811 45
408 824 45
409 837 45
410 849 48
411 863 45
412 876 45
413 889 45
414 902 45
415 916 43
416 928 45
417 941 45
418 954 45
419 967 45
420 986 43
421 993 45
422 999 45
423 999 45
424 999 45
425 999 51
426 999 45
427 999 45
428 999 45
429 999 45
430 999 44
431 5 55
432 18 55
433 31 55
434 44 55
435 59 57
436 70 55
437 83 55
438 96 55
439 109 55
440 123 57
441 135 55
442 148 55
443 161 55
444 174 55
445 181 54
446 200 55
447 213 55
448 226 55
449 239 55
450 251 52
451 265 55
452 278 55
453 291 55
454 304 55
455 317 54
456 330 55
457 343 55
458 356 55
459 369 55
460 385 50
461 395 55
462 408 55
463 421 55
464 434 55
465 449 57
466 460 55
467 473 55
468 486 55
469 499 55
470 513 54
471 525 55
472 538 55
473 551 55
474 564 55
475 572 54
476 590 55
477 603 55
478 616 55
479 629 55
480 648 54
481 655 55
482 668 55
483 681 55
484 694 55
485 705 56
486 720 55
487 733 55
488 746 55
489 759 55
490 776 49
491 785 55
492 798 55
493 811 55
494 824 55
495 837 55
496 850 55
497 863 55
498 876 55
499 889 55
500 897 54
501 915 55
502 928 55
503 941 55
504 954 55
505 972 51
506 980 55
507 993 55
508 999 55
509 999 55
510 999 60
511 999 55
512 999 55
513 999 55
514 999 55
515 999 53
516 999 55
517 5 65
518 18 65
519 31 65
520 44 66
521 57 65
522 70 65
523 83 65
524 96 65
525 107 66
526 122 65
527 135 65
528 148 65
529 161 65
530 180 60
531 187 65
532 200 65
533 213 65
534 226 65
535 237 60
536 252 65
537 265 65
538 278 65
539 291 65
540 299 63
541 317 65
542 330 65
543 343 65
544 356 65
545 364 62
546 382 65
547 395 65
548 408 65
549 421 65
550 429 71
551 447 65
552 460 65
553 473 65
554 486 65
555 503 66
556 512 65
557 525 65
558 538 65
559 551 65
560 560 59
561 577 65
562 590 65
563 603 65
564 616 65
565 623 62
566 642 65
567 655 65
568 668 65
569 681 65
570 688 59
571 707 65
572 720 65
573 733 65
574 746 65
575 764 65
576 772 65
577 785 65
578 798 65
579 811 65
580 820 66
581 837 65
582 850 65
583 863 65
584 876 65
585 886 71
586 902 65
587 915 65
588 928 65
589 941 65
590 952 62
591 967 65
592 980 65
593 993 65
594 999 65
595 999 69
596 999 65
597 999 65
598 999 65
599 999 65
600 999 62
601 999 65
602 999 65
603 5 75
604 18 75
605 26 81
606 44 75
607 57 75
608 70 75
609 83 75
610 90 76
611 109 75
612 122 75
613 135 75
614 148 75
615 160 79
616 174 75
617 187 75
618 200 75
619 213 75
620 221 72
621 239 75
622 252 75
623 265 75
624 278 75
625 291 74
626 304 75
627 317 75
628 330 75
629 343 75
630 361 71
631 369 75
632 382 75
633 395 75
634 408 75
635 420 71
636 434 75
637 447 75
638 460 75
639 473 75
640 488 73
641 499 75
642 512 75
643 525 75
644 538 75
645 557 70
646 564 75
647 577 75
648 590 75
649 603 75
650 621 69
651 629 75
652 642 75
653 655 75
654 668 75
655 679 74
656 694 75
657 707 75
658 720 75
659 733 75
660 749 80
661 759 75
662 772 75
663 785 75
664 798 75
665 809 74
666 824 75
667 837 75
668 850 75
669 863 75
670 881 73
671 889 75
672 902 75
673 915 75
674 928 75
675 944 80
676 954 75
677 967 75
678 980 75
679 993 75
680 999 73
681 999 75
682 999 75
683 999 75
684 999 75
685 999 79
686 999 75
687 999 75
688 999 75
689 5 85
690 23 90
691 31 85
692 44 85
693 57 85
694 70 85
695 83 87
696 96 85
697 109 85
698 122 85
699 135 85
700 150 81
701 161 85
702 174 85
703 187 85
704 200 85
705 209 89
706 226 85
707 239 85
708 252 85
709 265 85
710 279 85
711 291 85
712 304 85
713 317 85
714 330 85
715 344 79
716 356 85
717 369 85
718 382 85
719 395 85
720 403 80
721 421 85
722 434 85
723 447 85
724 460 85
725 471 91
726 486 85
727 499 85
728 512 85
729 525 85
730 536 81
731 551 85
732 564 85
733 577 85
734 590 85
735 609 89
736 616 85
737 629 85
738 642 85
739 655 85
740 674 87
741 681 85
742 694 85
743 707 85
744 720 85
745 730 81
746 746 85
747 759 85
748 772 85
749 785 85
750 794 91
751 811 85
752 824 85
753 837 85
754 850 85
755 869 88
756 876 85
757 889 85
758 902 85
759 915 85
760 928 86
761 941 85
762 954 85
763 967 85
764 980 85
765 991 86
766 999 85
767 999 85
768 999 85
769 999 85
770 999 86
771 999 85
772 999 85
773 999 85
774 999 85
775 2 99
776 18 95
777 31 95
778 44 95
779 57 95
780 74 93
781 83 95
782 96 95
783 109 95
784 122 95
785 135 97
786 148 95
787 161 95
788 174 95
789 187 95
790 205 95
791 213 95
792 226 95
793 239 95
794 252 95
795 270 91
796 278 95
797 291 95
798 304 95
799 317 95
800 327 93
801 343 95
802 356 95
803 369 95
804 382 95
805 393 98
806 408 95
807 421 95
808 434 95
809 447 95
810 454 99
811 473 95
812 486 95
813 499 95
814 512 95
815 526 100
816 538 95
817 551 95
818 564 95
819 577 95
820 589 96
821 603 95
822 616 95
823 629 95
824 642 95
825 660 91
826 668 95
827 681 95
828 694 95
829 707 95
830 721 93
831 733 95
832 746 95
833 759 95
834 772 95
835 785 97
836 798 95
837 811 95
838 824 95
839 837 95
840 847 94
841 863 95
842 876 95
843 889 95
844 902 95
845 912 101
846 928 95
847 941 95
848 954 95
849 967 95
850 975 101
851 993 95
852 999 95
853 999 95
854 999 95
855 999 96
856 999 95
857 999 95
858 999 95
859 999 95
860 999 96
861 5 105
862 18 105
863 31 105
864 44 105
865 52 99
866 70 105
867 83 105
868 96 105
869 109 105
870 124 102
871 135 105
872 148 105
873 161 105
874 174 105
875 193 104
876 200 105
877 213 105
878 226 105
879 239 105
880 256 99
881 265 105
882 278 105
883 291 105
884 304 105
885 322 110
886 330 105
887 343 105
888 356 105
889 369 105
890 384 101
891 395 105
892 408 105
893 421 105
894 434 105
895 450 108
896 460 105
897 473 105
898 486 105
899 499 105
900 506 104
901 525 105
902 538 105
903 551 105
904 564 105
905 573 101
906 590 105
907 603 105
908 616 105
909 629 105
910 645 100
911 655 105
912 668 105
913 681 105
914 694 105
915 703 105
916 720 105
917 733 105
918 746 105
919 759 105
920 776 110
921 785 105
922 798 105
923 811 105
924 824 105
925 836 104
926 850 105
927 863 105
928 876 105
929 889 105
930 899 110
931 915 105
932 928 105
933 941 105
934 954 105
935 962 103
936 980 105
937 993 105
938 999 105
939 999 105
940 999 108
941 999 105
942 999 105
943 999 105
944 999 105
945 999 104
946 999 105
947 5 115
948 18 115
949 31 115
950 46 115
951 57 115
952 70 115
953 83 115
954 96 115
955 106 110
956 122 115
957 135 115
958 148 115
959 161 115
960 176 114
961 187 115
962 200 115
963 213 115
964 226 115
965 237 115
966 252 115
967 265 115
968 278 115
969 291 115
970 304 117
971 317 115
972 330 115
973 343 115
974 356 115
975 375 110
976 382 115
977 395 115
978 408 115
979 421 115
980 437 116
981 447 115
982 460 115
983 473 115
984 486 115
985 504 118
986 512 115
987 525 115
988 538 115
989 551 115
990 567 110
991 577 115
992 590 115
993 603 115
994 616 115
995 633 118
996 642 115
997 655 115
998 668 115
999 681 115
1000 693 117
1001 707 115
1002 720 115
1003 733 115
1004 746 115
1005 755 119
1006 772 115
1007 785 115
1008 798 115
1009 811 115
1010 828 115
1011 837 115
1012 850 115
1013 863 115
1014 876 115
1015 885 121
1016 902 115
1017 915 115
1018 928 115
1019 941 115
1020 960 115
1021 967 115
1022 980 115
1023 993 115
1024 999 115
1025 999 121
1026 999 115
1027 999 115
1028 999 115
1029 999 115
1030 999 112
1031 999 115
1032 999 115
1033 5 125
1034 18 125
1035 26 125
1036 44 125
1037 57 125
1038 70 125
1039 83 125
1040 92 120
1041 109 125
1042 122 125
1043 135 125
1044 148 125
1045 161 123
1046 174 125
1047 187 125
1048 200 125
1049 213 125
1050 229 127
1051 239 125
1052 252 125
1053 265 125
1054 278 125
1055 285 121
1056 304 125
1057 317 125
1058 330 125
1059 343 125
1060 362 122
1061 369 125
1062 382 125
1063 395 125
1064 408 125
1065 424 128
1066 434 125
1067 447 125
1068 460 125
1069 473 125
1070 492 124
1071 499 125
1072 512 125
1073 525 125
1074 538 125
1075 552 130
1076 564 125
1077 577 125
1078 590 125
1079 603 125
1080 622 122
1081 629 125
1082 642 125
1083 655 125
1084 668 125
1085 675 131
1086 694 125
1087 707 125
1088 720 125
1089 733 125
1090 744 124
1091 759 125
1092 772 125
1093 785 125
1094 798 125
1095 808 120
1096 824 125
1097 837 125
1098 850 125
1099 863 125
1100 873 124
1101 889 125
1102 902 125
1103 915 125
1104 928 125
1105 942 131
1106 954 125
1107 967 125
1108 980 125
1109 993 125
1110 999 119
1111 999 125
1112 999 125
1113 999 125
1114 999 125
1115 999 124
1116 999 125
1117 999 125
1118 999 125
1119 5 135
1120 17 133
1121 31 135
1122 44 135
1123 57 135
1124 70 135
1125 83 137
1126 96 135
1127 109 135
1128 122 135
1129 135 135
1130 149 135
1131 161 135
1132 174 135
1133 187 135
1134 200 135
1135 219 138
1136 226 135
1137 239 135
1138 252 135
1139 265 135
1140 279 141
1141 291 135
1142 304 135
1143 317 135
1144 330 135
1145 348 136
1146 356 135
1147 369 135
1148 382 135
1149 395 135
1150 412 135
1151 421 135
1152 434 135
1153 447 135
1154 460 135
1155 467 136
1156 486 135
1157 499 135
1158 512 135
1159 525 135
1160 544 140
1161 551 135
1162 564 135
1163 577 135
1164 590 135
1165 609 141
1166 616 135
1167 629 135
1168 642 135
1169 655 135
1170 665 130
1171 681 135
1172 694 135
1173 707 135
1174 720 135
1175 729 139
1176 746 135
1177 759 135
1178 772 135
1179 785 135
1180 802 134
1181 811 135
1182 824 135
1183 837 135
1184 850 135
1185 858 133
1186 876 135
1187 889 135
1188 902 135
1189 915 135
1190 923 130
1191 941 135
1192 954 135
1193 967 135
1194 980 135
1195 992 141
1196 999 135
1197 999 135
1198 999 135
1199 999 135
1200 999 132
1201 999 135
1202 999 135
1203 999 135
1204 999 135
1205 2 146
1206 18 145
1207 31 145
1208 44 145
1209 57 145
1210 75 150
1211 83 145
1212 96 145
1213 109 145
1214 122 145
1215 133 144
1216 148 145
1217 161 145
1218 174 145
1219 187 145
1220 198 142
1221 213 145
1222 226 145
1223 239 145
1224 252 145
1225 264 144
1226 278 145
1227 291 145
1228 304 145
1229 317 145
1230 331 148
1231 343 145
1232 356 145
1233 369 145
1234 382 145
1235 393 148
1236 408 145
1237 421 145
1238 434 145
1239 447 145
1240 459 151
1241 473 145
1242 486 145
1243 499 145
1244 512 145
1245 531 151
1246 538 145
1247 551 145
1248 564 145
1249 577 145
1250 584 150
1251 603 145
1252 616 145
1253 629 145
1254 642 145
1255 651 143
1256 668 145
1257 681 145
1258 694 145
1259 707 145
1260 716 148
1261 733 145
1262 746 145
1263 759 145
1264 772 145
1265 790 141
1266 798 145
1267 811 145
1268 824 145
1269 837 145
1270 849 146
1271 863 145
1272 876 145
1273 889 145
1274 902 145
1275 917 145
1276 928 145
1277 941 145
1278 954 145
1279 967 145
1280 981 151
1281 993 145
1282 999 145
1283 999 145
1284 999 145
1285 999 146
1286 999 145
1287 999 145
1288 999 145
1289 999 145
1290 999 144
1291 5 155
1292 18 155
1293 31 155
1294 44 155
1295 59 149
1296 70 155
1297 83 155
1298 96 155
1299 109 155
1300 123 156
1301 135 155
1302 148 155
1303 161 155
1304 174 155
1305 189 161
1306 200 155
1307 213 155
1308 226 155
1309 239 155
1310 255 158
1311 265 155
1312 278 155
1313 291 155
1314 304 155
1315 313 149
1316 330 155
1317 343 155
1318 356 155
1319 369 155
1320 376 153
1321 395 155
1322 408 155
1323 421 155
1324 434 155
1325 453 150
1326 460 155
1327 473 155
1328 486 155
1329 499 155
1330 507 155
1331 525 155
1332 538 155
1333 551 155
1334 564 155
1335 582 155
1336 590 155
1337 603 155
1338 616 155
1339 629 155
1340 637 161
1341 655 155
1342 668 155
1343 681 155
1344 694 155
1345 705 151
1346 720 155
1347 733 155
1348 746 155
1349 759 155
1350 766 150
1351 785 155
1352 798 155
1353 811 155
1354 824 155
1355 831 158
1356 850 155
1357 863 155
1358 876 155
1359 889 155
1360 904 160
1361 915 155
1362 928 155
1363 941 155
1364 954 155
1365 972 156
1366 980 155
1367 993 155
1368 999 155
1369 999 155
1370 999 159
1371 999 155
1372 999 155
1373 999 155
1374 999 155
1375 999 161
1376 999 155
1377 5 165
1378 18 165
1379 31 165
1380 41 171
1381 57 165
1382 70 165
1383 83 165
1384 96 165
1385 107 165
1386 122 165
1387 135 165
1388 148 165
1389 161 165
1390 171 161
1391 187 165
1392 200 165
1393 213 165
1394 226 165
1395 240 165
1396 252 165
1397 265 165
1398 278 165
1399 291 165
1400 304 170
1401 317 165
1402 330 165
1403 343 165
1404 356 165
1405 364 160
1406 382 165
1407 395 165
1408 408 165
1409 421 165
1410 436 165
1411 447 165
1412 460 165
1413 473 165
1414 486 165
1415 498 160
1416 512 165
1417 525 165
1418 538 165
1419 551 165
1420 558 167
1421 577 165
1422 590 165
1423 603 165
1424 616 165
1425 628 162
1426 642 165
1427 655 165
1428 668 165
1429 681 165
1430 689 165
1431 707 165
1432 720 165
1433 733 165
1434 746 165
1435 753 165
1436 772 165
1437 785 165
1438 798 165
1439 811 165
1440 825 170
1441 837 165
1442 850 165
1443 863 165
1444 876 165
1445 887 169
1446 902 165
1447 915 165
1448 928 165
1449 941 165
1450 959 167
1451 967 165
1452 980 165
1453 993 165
1454 999 165
1455 999 162
1456 999 165
1457 999 165
1458 999 165
1459 999 165
1460 999 171
1461 999 165
1462 999 165
1463 5 175
1464 18 175
1465 35 171
1466 44 175
1467 57 175
1468 70 175
1469 83 175
1470 91 174
1471 109 175
1472 122 175
1473 135 175
1474 148 175
1475 158 180
1476 174 175
1477 187 175
1478 200 175
1479 213 175
1480 224 180
1481 239 175
1482 252 175
1483 265 175
1484 278 175
1485 293 170
1486 304 175
1487 317 175
1488 330 175
1489 343 175
1490 362 180
1491 369 175
1492 382 175
1493 395 175
1494 408 175
1495 416 170
1496 434 175
1497 447 175
1498 460 175
1499 473 175
1500 486 179
1501 499 175
1502 512 175
1503 525 175
1504 538 175
1505 552 181
1506 564 175
1507 577 175
1508 590 175
1509 603 175
1510 614 172
1511 629 175
1512 642 175
1513 655 175
1514 668 175
1515 686 179
1516 694 175
1517 707 175
1518 720 175
1519 733 175
1520 752 180
1521 759 175
1522 772 175
1523 785 175
1524 798 175
1525 817 173
1526 824 175
1527 837 175
1528 850 175
1529 863 175
1530 881 179
1531 889 175
1532 902 175
1533 915 175
1534 928 175
1535 942 180
1536 954 175
1537 967 175
1538 980 175
1539 993 175
1540 999 179
1541 999 175
1542 999 175
1543 999 175
1544 999 175
1545 999 177
1546 999 175
1547 999 175
1548 999 175
1549 5 185
1550 20 181
1551 31 185
1552 44 185
1553 57 185
1554 70 185
1555 89 187
1556 96 185
1557 109 185
1558 122 185
1559 135 185
1560 147 186
1561 161 185
1562 174 185
1563 187 185
1564 200 185
1565 218 181
1566 226 185
1567 239 185
1568 252 185
1569 265 185
1570 282 190
1571 291 185
1572 304 185
1573 317 185
1574 330 185
1575 343 187
1576 356 185
1577 369 185
1578 382 185
1579 395 185
1580 412 181
1581 421 185
1582 434 185
1583 447 185
1584 460 185
1585 471 180
1586 486 185
1587 499 185
1588 512 185
1589 525 185
1590 532 185
1591 551 185
1592 564 185
1593 577 185
1594 590 185
1595 609 185
1596 616 185
1597 629 185
1598 642 185
1599 655 185
1600 663 179
1601 681 185
1602 694 185
1603 707 185
1604 720 185
1605 730 182
1606 746 185
1607 759 185
1608 772 185
1609 785 185
1610 798 190
1611 811 185
1612 824 185
1613 837 185
1614 850 185
1615 857 186
1616 876 185
1617 889 185
1618 902 185
1619 915 185
1620 925 189
1621 941 185
1622 954 185
1623 967 185
1624 980 185
1625 996 180
1626 999 185
1627 999 185
1628 999 185
1629 999 185
1630 999 185
1631 999 185
1632 999 185
1633 999 185
1634 999 185
1635 5 192
1636 18 195
1637 31 195
1638 44 195
1639 57 195
1640 74 201
1641 83 195
1642 96 195
1643 109 195
1644 122 195
1645 136 198
1646 148 195
1647 161 195
1648 174 195
1649 187 195
1650 199 197
1651 213 195
1652 226 195
1653 239 195
1654 252 195
1655 271 189
1656 278 195
1657 291 195
1658 304 195
1659 317 195
1660 328 192
1661 343 195
1662 356 195
1663 369 195
1664 382 195
1665 396 197
1666 408 195
1667 421 195
1668 434 195
1669 447 195
1670 459 195
1671 473 195
1672 486 195
1673 499 195
1674 512 195
1675 529 201
1676 538 195
1677 551 195
1678 564 195
1679 577 195
1680 595 200
1681 603 195
1682 616 195
1683 629 195
1684 642 195
1685 656 197
1686 668 195
1687 681 195
1688 694 195
1689 707 195
1690 726 198
1691 733 195
1692 746 195
1693 759 195
1694 772 195
1695 780 195
1696 798 195
1697 811 195
1698 824 195
1699 837 195
1700 850 193
1701 863 195
1702 876 195
1703 889 195
1704 902 195
1705 921 189
1706 928 195
1707 941 195
1708 954 195
1709 967 195
1710 976 194
1711 993 195
1712 999 195
1713 999 195
1714 999 195
1715 999 193
1716 999 195
1717 999 195
1718 999 195
1719 999 195
1720 999 189
1721 5 205
1722 18 205
1723 31 205
1724 44 205
1725 54 200
1726 70 205
1727 83 205
1728 96 205
1729 109 205
1730 127 201
1731 135 205
1732 148 205
1733 161 205
1734 174 205
1735 182 204
1736 200 205
1737 213 205
1738 226 205
1739 239 205
1740 246 201
1741 265 205
1742 278 205
1743 291 205
1744 304 205
1745 322 201
1746 330 205
1747 343 205
1748 356 205
1749 369 205
1750 380 204
1751 395 205
1752 408 205
1753 421 205
1754 434 205
1755 442 208
1756 460 205
1757 473 205
1758 486 205
1759 499 205
1760 518 208
1761 525 205
1762 538 205
1763 551 205
1764 564 205
1765 574 208
1766 590 205
1767 603 205
1768 616 205
1769 629 205
1770 648 209
1771 655 205
1772 668 205
1773 681 205
1774 694 205
1775 704 200
1776 720 205
1777 733 205
1778 746 205
1779 759 205
1780 776 199
1781 785 205
1782 798 205
1783 811 205
1784 824 205
1785 834 199
1786 850 205
1787 863 205
1788 876 205
1789 889 205
1790 904 211
1791 915 205
1792 928 205
1793 941 205
1794 954 205
1795 972 210
1796 980 205
1797 993 205
1798 999 205
1799 999 205
1800 999 202
1801 999 205
1802 999 205
1803 999 205
1804 999 205
1805 999 204
1806 999 205
1807 5 215
1808 18 215
1809 31 215
1810 41 217
1811 57 215
1812 70 215
1813 83 215
1814 96 215
1815 103 217
1816 122 215
1817 135 215
1818 148 215
1819 161 215
1820 177 210
1821 187 215
1822 200 215
1823 213 215
1824 226 215
1825 240 219
1826 252 215
1827 265 215
1828 278 215
1829 291 215
1830 308 220
1831 317 215
1832 330 215
1833 343 215
1834 356 215
1835 365 210
1836 382 215
1837 395 215
1838 408 215
1839 421 215
1840 430 212
1841 447 215
1842 460 215
1843 473 215
1844 486 215
1845 493 214
1846 512 215
1847 525 215
1848 538 215
1849 551 215
1850 560 213
1851 577 215
1852 590 215
1853 603 215
1854 616 215
1855 628 220
1856 642 215
1857 655 215
1858 668 215
1859 681 215
1860 697 211
1861 707 215
1862 720 215
1863 733 215
1864 746 215
1865 757 220
1866 772 215
1867 785 215
1868 798 215
1869 811 215
1870 830 209
1871 837 215
1872 850 215
1873 863 215
1874 876 215
1875 893 210
1876 902 215
1877 915 215
1878 928 215
1879 941 215
1880 952 209
1881 967 215
1882 980 215
1883 993 215
1884 999 215
1885 999 209
1886 999 215
1887 999 215
1888 999 215
1889 999 215
1890 999 217
1891 999 215
1892 999 215
1893 5 225
1894 18 225
1895 30 223
1896 44 225
1897 57 225
1898 70 225
1899 83 225
1900 98 226
1901 109 225
1902 122 225
1903 135 225
1904 148 225
1905 167 229
1906 174 225
1907 187 225
1908 200 225
1909 213 225
1910 223 225
1911 239 225
1912 252 225
1913 265 225
1914 278 225
1915 288 230
1916 304 225
1917 317 225
1918 330 225
1919 343 225
1920 360 220
1921 369 225
1922 382 225
1923 395 225
1924 408 225
1925 426 224
1926 434 225
1927 447 225
1928 460 225
1929 473 225
1930 492 224
1931 499 225
1932 512 225
1933 525 225
1934 538 225
1935 554 229
1936 564 225
1937 577 225
1938 590 225
1939 603 225
1940 621 219
1941 629 225
1942 642 225
1943 655 225
1944 668 225
1945 683 220
1946 694 225
1947 707 225
1948 720 225
1949 733 225
1950 744 221
1951 759 225
1952 772 225
1953 785 225
1954 798 225
1955 814 228
1956 824 225
1957 837 225
1958 850 225
1959 863 225
1960 874 225
1961 889 225
1962 902 225
1963 915 225
1964 928 225
1965 941 229
1966 954 225
1967 967 225
1968 980 225
1969 993 225
1970 999 221
1971 999 225
1972 999 225
1973 999 225
1974 999 225
1975 999 225
1976 999 225
1977 999 225
1978 999 225
1979 5 235
1980 22 237
1981 31 235
1982 44 235
1983 57 235
1984 70 235
1985 87 236
1986 96 235
1987 109 235
1988 122 235
1989 135 235
1990 147 236
1991 161 235
1992 174 235
1993 187 235
1994 200 235
1995 215 232
1996 226 235
1997 239 235
1998 252 235
1999 265 235
2000 283 234
2001 291 235
2002 304 235
2003 317 235
2004 330 235
2005 338 239
2006 356 235
2007 369 235
2008 382 235
2009 395 235
2010 404 233
2011 421 235
2012 434 235
2013 447 235
2014 460 235
2015 468 240
2016 486 235
2017 499 235
2018 512 235
2019 525 235
2020 536 231
2021 551 235
2022 564 235
2023 577 235
2024 590 235
2025 599 234
2026 616 235
2027 629 235
2028 642 235
2029 655 235
2030 662 233
2031 681 235
2032 694 235
2033 707 235
2034 720 235
2035 739 235
2036 746 235
2037 759 235
2038 772 235
2039 785 235
2040 803 231
2041 811 235
2042 824 235
2043 837 235
2044 850 235
2045 863 238
2046 876 235
2047 889 235
2048 902 235
2049 915 235
2050 922 235
2051 941 235
2052 954 235
2053 967 235
2054 980 235
2055 987 237
2056 999 235
2057 999 235
2058 999 235
2059 999 235
2060 999 233
2061 999 235
2062 999 235
2063 999 235
2064 999 235
2065 7 242
2066 18 245
2067 31 245
2068 44 245
2069 57 245
2070 72 240
2071 83 245
2072 96 245
2073 109 245
2074 122 245
2075 133 243
2076 148 245
2077 161 245
2078 174 245
2079 187 245
2080 199 244
2081 213 245
2082 226 245
2083 239 245
2084 252 245
2085 261 251
2086 278 245
2087 291 245
2088 304 245
2089 317 245
2090 324 250
2091 343 245
2092 356 245
2093 369 245
2094 382 245
2095 396 251
2096 408 245
2097 421 245
2098 434 245
2099 447 245
2100 459 246
2101 473 245
2102 486 245
2103 499 245
2104 512 245
2105 524 247
2106 538 245
2107 551 245
2108 564 245
2109 577 245
2110 596 241
2111 603 245
2112 616 245
2113 629 245
2114 642 245
2115 655 244
2116 668 245
2117 681 245
2118 694 245
2119 707 245
2120 723 242
2121 733 245
2122 746 245
2123 759 245
2124 772 245
2125 788 242
2126 798 245
2127 811 245
2128 824 245
2129 837 245
2130 844 250
2131 863 245
2132 876 245
2133 889 245
2134 902 245
2135 911 243
2136 928 245
2137 941 245
2138 954 245
2139 967 245
2140 979 244
2141 993 245
2142 999 245
2143 999 245
2144 999 245
2145 999 249
2146 999 245
2147 999 245
2148 999 245
2149 999 245
2150 999 249
2151 5 255
2152 18 255
2153 31 255
2154 44 255
2155 53 251
2156 70 255
2157 83 255
2158 96 255
2159 109 255
2160 126 260
2161 135 255
2162 148 255
2163 161 255
2164 174 255
2165 181 256
2166 200 255
2167 213 255
2168 226 255
2169 239 255
2170 248 249
2171 265 255
2172 278 255
2173 291 255
2174 304 255
2175 316 249
2176 330 255
2177 343 255
2178 356 255
2179 369 255
2180 383 256
2181 395 255
2182 408 255
2183 421 255
2184 434 255
2185 445 254
2186 460 255
2187 473 255
2188 486 255
2189 499 255
2190 506 253
2191 525 255
2192 538 255
2193 551 255
2194 564 255
2195 579 252
2196 590 255
2197 603 255
2198 616 255
2199 629 255
2200 646 251
2201 655 255
2202 668 255
2203 681 255
2204 694 255
2205 708 253
2206 720 255
2207 733 255
2208 746 255
2209 759 255
2210 771 250
2211 785 255
2212 798 255
2213 811 255
2214 824 255
2215 834 255
2216 850 255
2217 863 255
2218 876 255
2219 889 255
2220 898 259
2221 915 255
2222 928 255
2223 941 255
2224 954 255
2225 967 256
2226 980 255
2227 993 255
2228 999 255
2229 999 255
2230 999 258
2231 999 255
2232 999 255
2233 999 255
2234 999 255
2235 999 256
2236 999 255
2237 5 265
2238 18 265
2239 31 265
2240 42 261
2241 57 265
2242 70 265
2243 83 265
2244 96 265
2245 113 260
2246 122 265
2247 135 265
2248 148 265
2249 161 265
2250 170 271
2251 187 265
2252 200 265
2253 213 265
2254 226 265
2255 236 268
2256 252 265
2257 265 265
2258 278 265
2259 291 265
2260 308 268
2261 317 265
2262 330 265
2263 343 265
2264 356 265
2265 371 265
2266 382 265
2267 395 265
2268 408 265
2269 421 265
2270 434 269
2271 447 265
2272 460 265
2273 473 265
2274 486 265
2275 496 259
2276 512 265
2277 525 265
2278 538 265
2279 551 265
2280 568 259
2281 577 265
2282 590 265
2283 603 265
2284 616 265
2285 623 265
2286 642 265
2287 655 265
2288 668 265
2289 681 265
2290 691 270
2291 707 265
2292 720 265
2293 733 265
2294 746 265
2295 763 268
2296 772 265
2297 785 265
2298 798 265
2299 811 265
2300 825 265
2301 837 265
2302 850 265
2303 863 265
2304 876 265
2305 887 263
2306 902 265
2307 915 265
2308 928 265
2309 941 265
2310 954 269
2311 967 265
2312 980 265
2313 993 265
2314 999 265
2315 999 270
2316 999 265
2317 999 265
2318 999 265
2319 999 265
2320 999 269
2321 999 265
2322 999 265
2323 5 275
2324 18 275
2325 25 280
2326 44 275
2327 57 275
2328 70 275
2329 83 275
2330 96 276
2331 109 275
2332 122 275
2333 135 275
2334 148 275
2335 156 280
2336 174 275
2337 187 275
2338 200 275
2339 213 275
2340 232 280
2341 239 275
2342 252 275
2343 265 275
2344 278 275
2345 292 278
2346 304 275
2347 317 275
2348 330 275
2349 343 275
2350 356 279
2351 369 275
2352 382 275
2353 395 275
2354 408 275
2355 427 274
2356 434 275
2357 447 275
2358 460 275
2359 473 275
2360 487 274
2361 499 275
2362 512 275
2363 525 275
2364 538 275
2365 555 276
2366 564 275
2367 577 275
2368 590 275
2369 603 275
2370 619 278
2371 629 275
2372 642 275
2373 655 275
2374 668 275
2375 679 275
2376 694 275
2377 707 275
2378 720 275
2379 733 275
2380 745 270
2381 759 275
2382 772 275
2383 785 275
2384 798 275
2385 811 277
2386 824 275
2387 837 275
2388 850 275
2389 863 275
2390 877 281
2391 889 275
2392 902 275
2393 915 275
2394 928 275
2395 937 281
2396 954 275
2397 967 275
2398 980 275
2399 993 275
2400 999 279
2401 999 275
2402 999 275
2403 999 275
2404 999 275
2405 999 278
2406 999 275
2407 999 275
2408 999 275
2409 5 285
2410 21 284
2411 31 285
2412 44 285
2413 57 285
2414 70 285
2415 83 281
2416 96 285
2417 109 285
2418 122 285
2419 135 285
2420 154 280
2421 161 285
2422 174 285
2423 187 285
2424 200 285
2425 214 283
2426 226 285
2427 239 285
2428 252 285
2429 265 285
2430 275 280
2431 291 285
2432 304 285
2433 317 285
2434 330 285
2435 339 288
2436 356 285
2437 369 285
2438 382 285
2439 395 285
2440 409 291
2441 421 285
2442 434 285
2443 447 285
2444 460 285
2445 476 279
2446 486 285
2447 499 285
2448 512 285
2449 525 285
2450 532 289
2451 551 285
2452 564 285
2453 577 285
2454 590 285
2455 598 287
2456 616 285
2457 629 285
2458 642 285
2459 655 285
2460 667 285
2461 681 285
2462 694 285
2463 707 285
2464 720 285
2465 733 284
2466 746 285
2467 759 285
2468 772 285
2469 785 285
2470 792 284
2471 811 285
2472 824 285
2473 837 285
2474 850 285
2475 861 279
2476 876 285
2477 889 285
2478 902 285
2479 915 285
2480 930 286
2481 941 285
2482 954 285
2483 967 285
2484 980 285
2485 992 288
2486 999 285
2487 999 285
2488 999 285
2489 999 285
2490 999 281
2491 999 285
2492 999 285
2493 999 285
2494 999 285
2495 7 290
2496 18 295
2497 31 295
2498 44 295
2499 57 295
2500 76 297
2501 83 295
2502 96 295
2503 109 295
2504 122 295
2505 137 296
2506 148 295
2507 161 295
2508 174 295
2509 187 295
2510 195 301
2511 213 295
2512 226 295
2513 239 295
2514 252 295
2515 261 292
2516 278 295
2517 291 295
2518 304 295
2519 317 295
2520 335 299
2521 343 295
2522 356 295
2523 369 295
2524 382 295
2525 390 296
2526 408 295
2527 421 295
2528 434 295
2529 447 295
2530 456 290
2531 473 295
2532 486 295
2533 499 295
2534 512 295
2535 531 294
2536 538 295
2537 551 295
2538 564 295
2539 577 295
2540 592 295
2541 603 295
2542 616 295
2543 629 295
2544 642 295
2545 653 291
2546 668 295
2547 681 295
2548 694 295
2549 707 295
2550 726 290
2551 733 295
2552 746 295
2553 759 295
2554 772 295
2555 780 295
2556 798 295
2557 811 295
2558 824 295
2559 837 295
2560 854 296
2561 863 295
2562 876 295
2563 889 295
2564 902 295
2565 918 298
2566 928 295
2567 941 295
2568 954 295
2569 967 295
2570 983 295
2571 993 295
2572 999 295
2573 999 295
2574 999 295
2575 999 293
2576 999 295
2577 999 295
2578 999 295
2579 999 295
2580 999 297
2581 5 305
2582 18 305
2583 31 305
2584 44 305
2585 52 303
2586 70 305
2587 83 305
2588 96 305
2589 109 305
2590 118 306
2591 135 305
2592 148 305
2593 161 305
2594 174 305
2595 187 305
2596 200 305
2597 213 305
2598 226 305
2599 239 305
2600 250 301
2601 265 305
2602 278 305
2603 291 305
2604 304 305
2605 317 302
2606 330 305
2607 343 305
2608 356 305
2609 369 305
2610 379 308
2611 395 305
2612 408 305
2613 421 305
2614 434 305
2615 451 306
2616 460 305
2617 473 305
2618 486 305
2619 499 305
2620 514 311
2621 525 305
2622 538 305
2623 551 305
2624 564 305
2625 571 301
2626 590 305
2627 603 305
2628 616 305
2629 629 305
2630 647 305
2631 655 305
2632 668 305
2633 681 305
2634 694 305
2635 703 309
2636 720 305
2637 733 305
2638 746 305
2639 759 305
2640 772 300
2641 785 305
2642 798 305
2643 811 305
2644 824 305
2645 840 306
2646 850 305
2647 863 305
2648 876 305
2649 889 305
2650 899 305
2651 915 305
2652 928 305
2653 941 305
2654 954 305
2655 968 303
2656 980 305
2657 993 305
2658 999 305
2659 999 305
2660 999 309
2661 999 305
2662 999 305
2663 999 305
2664 999 305
2665 999 306
2666 999 305
2667 5 315
2668 18 315
2669 31 315
2670 50 316
2671 57 315
2672 70 315
2673 83 315
2674 96 315
2675 106 310
2676 122 315
2677 135 315
2678 148 315
2679 161 315
2680 180 319
2681 187 315
2682 200 315
2683 213 315
2684 226 315
2685 244 318
2686 252 315
2687 265 315
2688 278 315
2689 291 315
2690 305 320
2691 317 315
2692 330 315
2693 343 315
2694 356 315
2695 365 310
2696 382 315
2697 395 315
2698 408 315
2699 421 315
2700 437 310
2701 447 315
2702 460 315
2703 473 315
2704 486 315
2705 494 318
2706 512 315
2707 525 315
2708 538 315
2709 551 315
2710 564 319
2711 577 315
2712 590 315
2713 603 315
2714 616 315
2715 628 319
2716 642 315
2717 655 315
2718 668 315
2719 681 315
2720 694 313
2721 707 315
2722 720 315
2723 733 315
2724 746 315
2725 764 310
2726 772 315
2727 785 315
2728 798 315
2729 811 315
2730 828 321
2731 837 315
2732 850 315
2733 863 315
2734 876 315
2735 886 319
2736 902 315
2737 915 315
2738 928 315
2739 941 315
2740 956 310
2741 967 315
2742 980 315
2743 993 315
2744 999 315
2745 999 315
2746 999 315
2747 999 315
2748 999 315
2749 999 315
2750 999 312
2751 999 315
2752 999 315
2753 5 325
2754 18 325
2755 32 319
2756 44 325
2757 57 325
2758 70 325
2759 83 325
2760 99 331
2761 109 325
2762 122 325
2763 135 325
2764 148 325
2765 157 320
2766 174 325
2767 187 325
2768 200 325
2769 213 325
2770 227 324
2771 239 325
2772 252 325
2773 265 325
2774 278 325
2775 287 327
2776 304 325
2777 317 325
2778 330 325
2779 343 325
2780 361 327
2781 369 325
2782 382 325
2783 395 325
2784 408 325
2785 425 320
2786 434 325
2787 447 325
2788 460 325
2789 473 325
2790 485 329
2791 499 325
2792 512 325
2793 525 325
2794 538 325
2795 556 330
2796 564 325
2797 577 325
2798 590 325
2799 603 325
2800 614 325
2801 629 325
2802 642 325
2803 655 325
2804 668 325
2805 675 327
2806 694 325
2807 707 325
2808 720 325
2809 733 325
2810 749 320
2811 759 325
2812 772 325
2813 785 325
2814 798 325
2815 808 319
2816 824 325
2817 837 325
2818 850 325
2819 863 325
2820 877 320
2821 889 325
2822 902 325
2823 915 325
2824 928 325
2825 936 325
2826 954 325
2827 967 325
2828 980 325
2829 993 325
2830 999 328
2831 999 325
2832 999 325
2833 999 325
2834 999 325
2835 999 324
2836 999 325
2837 999 325
2838 999 325
2839 5 335
2840 19 329
2841 31 335
2842 44 335
2843 57 335
2844 70 335
2845 89 336
2846 96 335
2847 109 335
2848 122 335
2849 135 335
2850 150 333
2851 161 335
2852 174 335
2853 187 335
2854 200 335
2855 210 330
2856 226 335
2857 239 335
2858 252 335
2859 265 335
2860 273 331
2861 291 335
2862 304 335
2863 317 335
2864 330 335
2865 339 330
2866 356 335
2867 369 335
2868 382 335
2869 395 335
2870 403 330
2871 421 335
2872 434 335
2873 447 335
2874 460 335
2875 471 339
2876 486 335
2877 499 335
2878 512 335
2879 525 335
2880 534 337
2881 551 335
2882 564 335
2883 577 335
2884 590 335
2885 599 341
2886 616 335
2887 629 335
2888 642 335
2889 655 335
2890 664 340
2891 681 335
2892 694 335
2893 707 335
2894 720 335
2895 730 336
2896 746 335
2897 759 335
2898 772 335
2899 785 335
2900 800 331
2901 811 335
2902 824 335
2903 837 335
2904 850 335
2905 863 334
2906 876 335
2907 889 335
2908 902 335
2909 915 335
2910 925 338
2911 941 335
2912 954 335
2913 967 335
2914 980 335
2915 991 331
2916 999 335
2917 999 335
2918 999 335
2919 999 335
2920 999 333
2921 999 335
2922 999 335
2923 999 335
2924 999 335
2925 6 344
2926 18 345
2927 31 345
2928 44 345
2929 57 345
2930 74 343
2931 83 345
2932 96 345
2933 109 345
2934 122 345
2935 132 351
2936 148 345
2937 161 345
2938 174 345
2939 187 345
2940 196 351
2941 213 345
2942 226 345
2943 239 345
2944 252 345
2945 265 345
2946 278 345
2947 291 345
2948 304 345
2949 317 345
2950 336 341
2951 343 345
2952 356 345
2953 369 345
2954 382 345
2955 401 345
2956 408 345
2957 421 345
2958 434 345
2959 447 345
2960 464 343
2961 473 345
2962 486 345
2963 499 345
2964 512 345
2965 522 347
2966 538 345
2967 551 345
2968 564 345
2969 577 345
2970 590 348
2971 603 345
2972 616 345
2973 629 345
2974 642 345
2975 651 347
2976 668 345
2977 681 345
2978 694 345
2979 707 345
2980 723 344
2981 733 345
2982 746 345
2983 759 345
2984 772 345
2985 790 344
2986 798 345
2987 811 345
2988 824 345
2989 837 345
2990 855 349
2991 863 345
2992 876 345
2993 889 345
2994 902 345
2995 919 344
2996 928 345
2997 941 345
2998 954 345
2999 967 345
3000 985 339
3001 993 345
3002 999 345
3003 999 345
3004 999 345
3005 999 348
3006 999 345
3007 999 345
3008 999 345
3009 999 345
3010 999 351
3011 5 355
3012 18 355
3013 31 355
3014 44 355
3015 63 360
3016 70 355
3017 83 355
3018 96 355
3019 109 355
3020 121 351
3021 135 355
3022 148 355
3023 161 355
3024 174 355
3025 190 352
3026 200 355
3027 213 355
3028 226 355
3029 239 355
3030 250 359
3031 265 355
3032 278 355
3033 291 355
3034 304 355
3035 319 355
3036 330 355
3037 343 355
3038 356 355
3039 369 355
3040 379 361
3041 395 355
3042 408 355
3043 421 355
3044 434 355
3045 449 361
3046 460 355
3047 473 355
3048 486 355
3049 499 355
3050 512 358
3051 525 355
3052 538 355
3053 551 355
3054 564 355
3055 579 351
3056 590 355
3057 603 355
3058 616 355
3059 629 355
3060 638 361
3061 655 355
3062 668 355
3063 681 355
3064 694 355
3065 709 354
3066 720 355
3067 733 355
3068 746 355
3069 759 355
3070 771 359
3071 785 355
3072 798 355
3073 811 355
3074 824 355
3075 832 354
3076 850 355
3077 863 355
3078 876 355
3079 889 355
3080 898 350
3081 915 355
3082 928 355
3083 941 355
3084 954 355
3085 969 360
3086 980 355
3087 993 355
3088 999 355
3089 999 355
3090 999 351
3091 999 355
3092 999 355
3093 999 355
3094 999 355
3095 999 360
3096 999 355
3097 5 365
3098 18 365
3099 31 365
3100 42 363
3101 57 365
3102 70 365
3103 83 365
3104 96 365
3105 106 363
3106 122 365
3107 135 365
3108 148 365
3109 161 365
3110 168 371
3111 187 365
3112 200 365
3113 213 365
3114 226 365
3115 236 371
3116 252 365
3117 265 365
3118 278 365
3119 291 365
3120 308 364
3121 317 365
3122 330 365
3123 343 365
3124 356 365
3125 365 370
3126 382 365
3127 395 365
3128 408 365
3129 421 365
3130 429 370
3131 447 365
3132 460 365
3133 473 365
3134 486 365
3135 505 361
3136 512 365
3137 525 365
3138 538 365
3139 551 365
3140 562 371
3141 577 365
3142 590 365
3143 603 365
3144 616 365
3145 630 366
3146 642 365
3147 655 365
3148 668 365
3149 681 365
3150 691 366
3151 707 365
3152 720 365
3153 733 365
3154 746 365
3155 758 366
3156 772 365
3157 785 365
3158 798 365
3159 811 365
3160 818 362
3161 837 365
3162 850 365
3163 863 365
3164 876 365
3165 884 362
3166 902 365
3167 915 365
3168 928 365
3169 941 365
3170 949 368
3171 967 365
3172 980 365
3173 993 365
3174 999 365
3175 999 359
3176 999 365
3177 999 365
3178 999 365
3179 999 365
3180 999 369
3181 999 365
3182 999 365
3183 5 375
3184 18 375
3185 32 370
3186 44 375
3187 57 375
3188 70 375
3189 83 375
3190 96 373
3191 109 375
3192 122 375
3193 135 375
3194 148 375
3195 157 371
3196 174 375
3197 187 375
3198 200 375
3199 213 375
3200 229 378
3201 239 375
3202 252 375
3203 265 375
3204 278 375
3205 293 381
3206 304 375
3207 317 375
3208 330 375
3209 343 375
3210 357 372
3211 369 375
3212 382 375
3213 395 375
3214 408 375
3215 418 372
3216 434 375
3217 447 375
3218 460 375
3219 473 375
3220 482 375
3221 499 375
3222 512 375
3223 525 375
3224 538 375
3225 552 369
3226 564 375
3227 577 375
3228 590 375
3229 603 375
3230 618 374
3231 629 375
3232 642 375
3233 655 375
3234 668 375
3235 682 379
3236 694 375
3237 707 375
3238 720 375
3239 733 375
3240 751 377
3241 759 375
3242 772 375
3243 785 375
3244 798 375
3245 808 378
3246 824 375
3247 837 375
3248 850 375
3249 863 375
3250 881 381
3251 889 375
3252 902 375
3253 915 375
3254 928 375
3255 945 369
3256 954 375
3257 967 375
3258 980 375
3259 993 375
3260 999 371
3261 999 375
3262 999 375
3263 999 375
3264 999 375
3265 999 373
3266 999 375
3267 999 375
3268 999 375
3269 5 385
3270 16 390
3271 31 385
3272 44 385
3273 57 385
3274 70 385
3275 86 379
3276 96 385
3277 109 385
3278 122 385
3279 135 385
3280 152 383
3281 161 385
3282 174 385
3283 187 385
3284 200 385
3285 217 386
3286 226 385
3287 239 385
3288 252 385
3289 265 385
3290 283 385
3291 291 385
3292 304 385
3293 317 385
3294 330 385
3295 337 389
3296 356 385
3297 369 385
3298 382 385
3299 395 385
3300 402 389
3301 421 385
3302 434 385
3303 447 385
3304 460 385
3305 467 387
3306 486 385
3307 499 385
3308 512 385
3309 525 385
3310 534 384
3311 551 385
3312 564 385
3313 577 385
3314 590 385
3315 602 386
3316 616 385
3317 629 385
3318 642 385
3319 655 385
3320 664 388
3321 681 385
3322 694 385
3323 707 385
3324 720 385
3325 729 389
3326 746 385
3327 759 385
3328 772 385
3329 785 385
3330 793 384
3331 811 385
3332 824 385
3333 837 385
3334 850 385
3335 861 388
3336 876 385
3337 889 385
3338 902 385
3339 915 385
3340 933 386
3341 941 385
3342 954 385
3343 967 385
3344 980 385
3345 987 383
3346 999 385
3347 999 385
3348 999 385
3349 999 385
3350 999 391
3351 999 385
3352 999 385
3353 999 385
3354 999 385
3355 11 393
3356 18 395
3357 31 395
3358 44 395
3359 57 395
3360 74 396
3361 83 395
3362 96 395
3363 109 395
3364 122 395
3365 132 392
3366 148 395
3367 161 395
3368 174 395
3369 187 395
3370 201 389
3371 213 395
3372 226 395
3373 239 395
3374 252 395
3375 271 394
3376 278 395
3377 291 395
3378 304 395
3379 317 395
3380 331 394
3381 343 395
3382 356 395
3383 369 395
3384 382 395
3385 398 389
3386 408 395
3387 421 395
3388 434 395
3389 447 395
3390 465 390
3391 473 395
3392 486 395
3393 499 395
3394 512 395
3395 530 395
3396 538 395
3397 551 395
3398 564 395
3399 577 395
3400 594 392
3401 603 395
3402 616 395
3403 629 395
3404 642 395
3405 650 397
3406 668 395
3407 681 395
3408 694 395
3409 707 395
3410 722 400
3411 733 395
3412 746 395
3413 759 395
3414 772 395
3415 790 393
3416 798 395
3417 811 395
3418 824 395
3419 837 395
3420 844 390
3421 863 395
3422 876 395
3423 889 395
3424 902 395
3425 917 393
3426 928 395
3427 941 395
3428 954 395
3429 967 395
3430 979 397
3431 993 395
3432 999 395
3433 999 395
3434 999 395
3435 999 389
3436 999 395
3437 999 395
3438 999 395
3439 999 395
3440 999 398
3441 5 405
3442 18 405
3443 31 405
3444 44 405
3445 62 406
3446 70 405
3447 83 405
3448 96 405
3449 109 405
3450 118 400
3451 135 405
3452 148 405
3453 161 405
3454 174 405
3455 181 400
3456 200 405
3457 213 405
3458 226 405
3459 239 405
3460 256 408
3461 265 405
3462 278 405
3463 291 405
3464 304 405
3465 314 407
3466 330 405
3467 343 405
3468 356 405
3469 369 405
3470 384 402
3471 395 405
3472 408 405
3473 421 405
3474 434 405
3475 451 408
3476 460 405
3477 473 405
3478 486 405
3479 499 405
3480 514 405
3481 525 405
3482 538 405
3483 551 405
3484 564 405
3485 578 400
3486 590 405
3487 603 405
3488 616 405
3489 629 405
3490 646 403
3491 655 405
3492 668 405
3493 681 405
3494 694 405
3495 709 410
3496 720 405
3497 733 405
3498 746 405
3499 759 405
3500 774 410
3501 785 405
3502 798 405
3503 811 405
3504 824 405
3505 833 405
3506 850 405
3507 863 405
3508 876 405
3509 889 405
3510 901 406
3511 915 405
3512 928 405
3513 941 405
3514 954 405
3515 961 410
3516 980 405
3517 993 405
3518 999 405
3519 999 405
3520 999 407
3521 999 405
3522 999 405
3523 999 405
3524 999 405
3525 999 401
3526 999 405
3527 5 415
3528 18 415
3529 31 415
3530 41 412
3531 57 415
3532 70 415
3533 83 415
3534 96 415
3535 107 417
3536 122 415
3537 135 415
3538 148 415
3539 161 415
3540 171 421
3541 187 415
3542 200 415
3543 213 415
3544 226 415
3545 243 421
3546 252 415
3547 265 415
3548 278 415
3549 291 415
3550 305 412
3551 317 415
3552 330 415
3553 343 415
3554 356 415
3555 372 419
3556 382 415
3557 395 415
3558 408 415
3559 421 415
3560 431 420
3561 447 415
3562 460 415
3563 473 415
3564 486 415
3565 501 421
3566 512 415
3567 525 415
3568 538 415
3569 551 415
3570 559 413
3571 577 415
3572 590 415
3573 603 415
3574 616 415
3575 626 415
3576 642 415
3577 655 415
3578 668 415
3579 681 415
3580 688 421
3581 707 415
3582 720 415
3583 733 415
3584 746 415
3585 765 412
3586 772 415
3587 785 415
3588 798 415
3589 811 415
3590 830 415
3591 837 415
3592 850 415
3593 863 415
3594 876 415
3595 892 411
3596 902 415
3597 915 415
3598 928 415
3599 941 415
3600 957 413
3601 967 415
3602 980 415
3603 993 415
3604 999 415
3605 999 421
3606 999 415
3607 999 415
3608 999 415
3609 999 415
3610 999 417
3611 999 415
3612 999 415
3613 5 425
3614 18 425
3615 31 423
3616 44 425
3617 57 425
3618 70 425
3619 83 425
3620 92 431
3621 109 425
3622 122 425
3623 135 425
3624 148 425
3625 165 429
3626 174 425
3627 187 425
3628 200 425
3629 213 425
3630 226 428
3631 239 425
3632 252 425
3633 265 425
3634 278 425
3635 289 424
3636 304 425
3637 317 425
3638 330 425
3639 343 425
3640 352 423
3641 369 425
3642 382 425
3643 395 425
3644 408 425
3645 418 425
3646 434 425
3647 447 425
3648 460 425
3649 473 425
3650 492 420
3651 499 425
3652 512 425
3653 525 425
3654 538 425
3655 555 427
3656 564 425
3657 577 425
3658 590 425
3659 603 425
3660 615 427
3661 629 425
3662 642 425
3663 655 425
3664 668 425
3665 676 422
3666 694 425
3667 707 425
3668 720 425
3669 733 425
3670 744 419
3671 759 425
3672 772 425
3673 785 425
3674 798 425
3675 813 428
3676 824 425
3677 837 425
3678 850 425
3679 863 425
3680 873 427
3681 889 425
3682 902 425
3683 915 425
3684 928 425
3685 937 422
3686 954 425
3687 967 425
3688 980 425
3689 993 425
3690 999 428
3691 999 425
3692 999 425
3693 999 425
3694 999 425
3695 999 427
3696 999 425
3697 999 425
3698 999 425
3699 5 435
3700 17 432
3701 31 435
3702 44 435
3703 57 435
3704 70 435
3705 86 430
3706 96 435
3707 109 435
3708 122 435
3709 135 435
3710 148 435
3711 161 435
3712 174 435
3713 187 435
3714 200 435
3715 207 433
3716 226 435
3717 239 435
3718 252 435
3719 265 435
3720 280 436
3721 291 435
3722 304 435
3723 317 435
3724 330 435
3725 338 436
3726 356 435
3727 369 435
3728 382 435
3729 395 435
3730 405 431
3731 421 435
3732 434 435
3733 447 435
3734 460 435
3735 470 437
3736 486 435
3737 499 435
3738 512 435
3739 525 435
3740 538 429
3741 551 435
3742 564 435
3743 577 435
3744 590 435
3745 604 433
3746 616 435
3747 629 435
3748 642 435
3749 655 435
3750 668 431
3751 681 435
3752 694 435
3753 707 435
3754 720 435
3755 727 430
3756 746 435
3757 759 435
3758 772 435
3759 785 435
3760 795 429
3761 811 435
3762 824 435
3763 837 435
3764 850 435
3765 864 440
3766 876 435
3767 889 435
3768 902 435
3769 915 435
3770 928 429
3771 941 435
3772 954 435
3773 967 435
3774 980 435
3775 997 434
3776 999 435
3777 999 435
3778 999 435
3779 999 435
3780 999 436
3781 999 435
3782 999 435
3783 999 435
3784 999 435
3785 0 447
3786 18 445
3787 31 445
3788 44 445
3789 57 445
3790 68 447
3791 83 445
3792 96 445
3793 109 445
3794 122 445
3795 130 451
3796 148 445
3797 161 445
3798 174 445
3799 187 445
3800 202 449
3801 213 445
3802 226 445
3803 239 445
3804 252 445
3805 267 449
3806 278 445
3807 291 445
3808 304 445
3809 317 445
3810 336 440
3811 343 445
3812 356 445
3813 369 445
3814 382 445
3815 395 439
3816 408 445
3817 421 445
3818 434 445
3819 447 445
3820 459 446
3821 473 445
3822 486 445
3823 499 445
3824 512 445
3825 528 445
3826 538 445
3827 551 445
3828 564 445
3829 577 445
3830 586 444
3831 603 445
3832 616 445
3833 629 445
3834 642 445
3835 651 441
3836 668 445
3837 681 445
3838 694 445
3839 707 445
3840 717 447
3841 733 445
3842 746 445
3843 759 445
3844 772 445
3845 790 444
3846 798 445
3847 811 445
3848 824 445
3849 837 445
3850 855 441
3851 863 445
3852 876 445
3853 889 445
3854 902 445
3855 919 446
3856 928 445
3857 941 445
3858 954 445
3859 967 445
3860 983 447
3861 993 445
3862 999 445
3863 999 445
3864 999 445
3865 999 447
3866 999 445
3867 999 445
3868 999 445
3869 999 445
3870 999 447
3871 5 455
3872 18 455
3873 31 455
3874 44 455
3875 55 459
3876 70 455
3877 83 455
3878 96 455
3879 109 455
3880 127 457
3881 135 455
3882 148 455
3883 161 455
3884 174 455
3885 189 457
3886 200 455
3887 213 455
3888 226 455
3889 239 455
3890 252 452
3891 265 455
3892 278 455
3893 291 455
3894 304 455
3895 313 451
3896 330 455
3897 343 455
3898 356 455
3899 369 455
3900 383 455
3901 395 455
3902 408 455
3903 421 455
3904 434 455
3905 447 460
3906 460 455
3907 473 455
3908 486 455
3909 499 455
3910 510 453
3911 525 455
3912 538 455
3913 551 455
3914 564 455
3915 574 450
3916 590 455
3917 603 455
3918 616 455
3919 629 455
3920 641 461
3921 655 455
3922 668 455
3923 681 455
3924 694 455
3925 705 457
3926 720 455
3927 733 455
3928 746 455
3929 759 455
3930 776 458
3931 785 455
3932 798 455
3933 811 455
3934 824 455
3935 831 455
3936 850 455
3937 863 455
3938 876 455
3939 889 455
3940 908 449
3941 915 455
3942 928 455
3943 941 455
3944 954 455
3945 961 452
3946 980 455
3947 993 455
3948 999 455
3949 999 455
3950 999 460
3951 999 455
3952 999 455
3953 999 455
3954 999 455
3955 999 459
3956 999 455
3957 5 465
3958 18 465
3959 31 465
3960 41 470
3961 57 465
3962 70 465
3963 83 465
3964 96 465
3965 110 465
3966 122 465
3967 135 465
3968 148 465
3969 161 465
3970 178 465
3971 187 465
3972 200 465
3973 213 465
3974 226 465
3975 241 471
3976 252 465
3977 265 465
3978 278 465
3979 291 465
3980 303 468
3981 317 465
3982 330 465
3983 343 465
3984 356 465
3985 374 464
3986 382 465
3987 395 465
3988 408 465
3989 421 465
3990 437 471
3991 447 465
3992 460 465
3993 473 465
3994 486 465
3995 496 464
3996 512 465
3997 525 465
3998 538 465
3999 551 465
4000 563 470
4001 577 465
4002 590 465
4003 603 465
4004 616 465
4005 625 460
4006 642 465
4007 655 465
4008 668 465
4009 681 465
4010 691 467
4011 707 465
4012 720 465
4013 733 465
4014 746 465
4015 753 461
4016 772 465
4017 785 465
4018 798 465
4019 811 465
4020 826 461
4021 837 465
4022 850 465
4023 863 465
4024 876 465
4025 892 465
4026 902 465
4027 915 465
4028 928 465
4029 941 465
4030 950 471
4031 967 465
4032 980 465
4033 993 465
4034 999 465
4035 999 468
4036 999 465
4037 999 465
4038 999 465
4039 999 465
4040 999 467
4041 999 465
4042 999 465
4043 5 475
4044 18 475
4045 33 474
4046 44 475
4047 57 475
4048 70 475
4049 83 475
4050 99 478
4051 109 475
4052 122 475
4053 135 475
4054 148 475
4055 159 481
4056 174 475
4057 187 475
4058 200 475
4059 213 475
4060 223 474
4061 239 475
4062 252 475
4063 265 475
4064 278 475
4065 287 470
4066 304 475
4067 317 475
4068 330 475
4069 343 475
4070 361 476
4071 369 475
4072 382 475
4073 395 475
4074 408 475
4075 424 469
4076 434 475
4077 447 475
4078 460 475
4079 473 475
4080 490 477
4081 499 475
4082 512 475
4083 525 475
4084 538 475
4085 555 470
4086 564 475
4087 577 475
4088 590 475
4089 603 475
4090 618 479
4091 629 475
4092 642 475
4093 655 475
4094 668 475
4095 682 477
4096 694 475
4097 707 475
4098 720 475
4099 733 475
4100 751 474
4101 759 475
4102 772 475
4103 785 475
4104 798 475
4105 816 476
4106 824 475
4107 837 475
4108 850 475
4109 863 475
4110 880 471
4111 889 475
4112 902 475
4113 915 475
4114 928 475
4115 944 475
4116 954 475
4117 967 475
4118 980 475
4119 993 475
4120 999 470
4121 999 475
4122 999 475
4123 999 475
4124 999 475
4125 999 469
4126 999 475
4127 999 475
4128 999 475
4129 5 485
4130 15 490
4131 31 485
4132 44 485
4133 57 485
4134 70 485
4135 85 487
4136 96 485
4137 109 485
4138 122 485
4139 135 485
4140 149 482
4141 161 485
4142 174 485
4143 187 485
4144 200 485
4145 218 489
4146 226 485
4147 239 485
4148 252 485
4149 265 485
4150 277 490
4151 291 485
4152 304 485
4153 317 485
4154 330 485
4155 341 479
4156 356 485
4157 369 485
4158 382 485
4159 395 485
4160 407 487
4161 421 485
4162 434 485
4163 447 485
4164 460 485
4165 475 486
4166 486 485
4167 499 485
4168 512 485
4169 525 485
4170 533 491
4171 551 485
4172 564 485
4173 577 485
4174 590 485
4175 597 488
4176 616 485
4177 629 485
4178 642 485
4179 655 485
4180 663 479
4181 681 485
4182 694 485
4183 707 485
4184 720 485
4185 733 483
4186 746 485
4187 759 485
4188 772 485
4189 785 485
4190 803 488
4191 811 485
4192 824 485
4193 837 485
4194 850 485
4195 859 479
4196 876 485
4197 889 485
4198 902 485
4199 915 485
4200 930 487
4201 941 485
4202 954 485
4203 967 485
4204 980 485
4205 993 488
4206 999 485
4207 999 485
4208 999 485
4209 999 485
4210 999 488
4211 999 485
4212 999 485
4213 999 485
4214 999 485
4215 8 500
4216 18 495
4217 31 495
4218 44 495
4219 57 495
4220 76 490
4221 83 495
4222 96 495
4223 109 495
4224 122 495
4225 136 494
4226 148 495
4227 161 495
4228 174 495
4229 187 495
4230 206 498
4231 213 495
4232 226 495
4233 239 495
4234 252 495
4235 261 501
4236 278 495
4237 291 495
4238 304 495
4239 317 495
4240 324 499
4241 343 495
4242 356 495
4243 369 495
4244 382 495
4245 390 490
4246 408 495
4247 421 495
4248 434 495
4249 447 495
4250 460 491
4251 473 495
4252 486 495
4253 499 495
4254 512 495
4255 524 496
4256 538 495
4257 551 495
4258 564 495
4259 577 495
4260 585 491
4261 603 495
4262 616 495
4263 629 495
4264 642 495
4265 660 492
4266 668 495
4267 681 495
4268 694 495
4269 707 495
4270 718 493
4271 733 495
4272 746 495
4273 759 495
4274 772 495
4275 789 499
4276 798 495
4277 811 495
4278 824 495
4279 837 495
4280 844 499
4281 863 495
4282 876 495
4283 889 495
4284 902 495
4285 911 498
4286 928 495
4287 941 495
4288 954 495
4289 967 495
4290 979 496
4291 993 495
4292 999 495
4293 999 495
4294 999 495
4295 999 498
4296 999 495
4297 999 495
4298 999 495
4299 999 495
4300 999 498
4301 5 505
4302 18 505
4303 31 505
4304 44 505
4305 59 511
4306 70 505
4307 83 505
4308 96 505
4309 109 505
4310 121 507
4311 135 505
4312 148 505
4313 161 505
4314 174 505
4315 190 504
4316 200 505
4317 213 505
4318 226 505
4319 239 505
4320 256 505
4321 265 505
4322 278 505
4323 291 505
4324 304 505
4325 314 499
4326 330 505
4327 343 505
4328 356 505
4329 369 505
4330 384 500
4331 395 505
4332 408 505
4333 421 505
4334 434 505
4335 447 505
4336 460 505
4337 473 505
4338 486 505
4339 499 505
4340 509 511
4341 525 505
4342 538 505
4343 551 505
4344 564 505
4345 579 505
4346 590 505
4347 603 505
4348 616 505
4349 629 505
4350 647 505
4351 655 505
4352 668 505
4353 681 505
4354 694 505
4355 708 507
4356 720 505
4357 733 505
4358 746 505
4359 759 505
4360 770 508
4361 785 505
4362 798 505
4363 811 505
4364 824 505
4365 835 500
4366 850 505
4367 863 505
4368 876 505
4369 889 505
4370 902 504
4371 915 505
4372 928 505
4373 941 505
4374 954 505
4375 968 504
4376 980 505
4377 993 505
4378 999 505
4379 999 505
4380 999 504
4381 999 505
4382 999 505
4383 999 505
4384 999 505
4385 999 509
4386 999 505
4387 5 515
4388 18 515
4389 31 515
4390 45 515
4391 57 515
4392 70 515
4393 83 515
4394 96 515
4395 104 514
4396 122 515
4397 135 515
4398 148 515
4399 161 515
4400 173 514
4401 187 515
4402 200 515
4403 213 515
4404 226 515
4405 238 520
4406 252 515
4407 265 515
4408 278 515
4409 291 515
4410 298 518
4411 317 515
4412 330 515
4413 343 515
4414 356 515
4415 365 521
4416 382 515
4417 395 515
4418 408 515
4419 421 515
4420 432 518
4421 447 515
4422 460 515
4423 473 515
4424 486 515
4425 499 514
4426 512 515
4427 525 515
4428 538 515
4429 551 515
4430 570 519
4431 577 515
4432 590 515
4433 603 515
4434 616 515
4435 634 515
4436 642 515
4437 655 515
4438 668 515
4439 681 515
4440 690 521
4441 707 515
4442 720 515
4443 733 515
4444 746 515
4445 760 518
4446 772 515
4447 785 515
4448 798 515
4449 811 515
4450 822 517
4451 837 515
4452 850 515
4453 863 515
4454 876 515
4455 895 514
4456 902 515
4457 915 515
4458 928 515
4459 941 515
4460 960 519
4461 967 515
4462 980 515
4463 993 515
4464 999 515
4465 999 512
4466 999 515
4467 999 515
4468 999 515
4469 999 515
4470 999 518
4471 999 515
4472 999 515
4473 5 525
4474 18 525
4475 36 528
4476 44 525
4477 57 525
4478 70 525
4479 83 525
4480 100 521
4481 109 525
4482 122 525
4483 135 525
4484 148 525
4485 156 524
4486 174 525
4487 187 525
4488 200 525
4489 213 525
4490 220 527
4491 239 525
4492 252 525
4493 265 525
4494 278 525
4495 292 526
4496 304 525
4497 317 525
4498 330 525
4499 343 525
4500 357 523
4501 369 525
4502 382 525
4503 395 525
4504 408 525
4505 425 528
4506 434 525
4507 447 525
4508 460 525
4509 473 525
4510 492 520
4511 499 525
4512 512 525
4513 525 525
4514 538 525
4515 551 527
4516 564 525
4517 577 525
4518 590 525
4519 603 525
4520 616 527
4521 629 525
4522 642 525
4523 655 525
4524 668 525
4525 682 526
4526 694 525
4527 707 525
4528 720 525
4529 733 525
4530 751 524
4531 759 525
4532 772 525
4533 785 525
4534 798 525
4535 805 528
4536 824 525
4537 837 525
4538 850 525
4539 863 525
4540 875 519
4541 889 525
4542 902 525
4543 915 525
4544 928 525
4545 946 522
4546 954 525
4547 967 525
4548 980 525
4549 993 525
4550 999 530
4551 999 525
4552 999 525
4553 999 525
4554 999 525
4555 999 526
4556 999 525
4557 999 525
4558 999 525
4559 5 535
4560 22 538
4561 31 535
4562 44 535
4563 57 535
4564 70 535
4565 85 538
4566 96 535
4567 109 535
4568 122 535
4569 135 535
4570 151 534
4571 161 535
4572 174 535
4573 187 535
4574 200 535
4575 212 535
4576 226 535
4577 239 535
4578 252 535
4579 265 535
4580 276 529
4581 291 535
4582 304 535
4583 317 535
4584 330 535
4585 339 541
4586 356 535
4587 369 535
4588 382 535
4589 395 535
4590 413 531
4591 421 535
4592 434 535
4593 447 535
4594 460 535
4595 472 539
4596 486 535
4597 499 535
4598 512 535
4599 525 535
4600 536 541
4601 551 535
4602 564 535
4603 577 535
4604 590 535
4605 606 532
4606 616 535
4607 629 535
4608 642 535
4609 655 535
4610 664 533
4611 681 535
4612 694 535
4613 707 535
4614 720 535
4615 738 533
4616 746 535
4617 759 535
4618 772 535
4619 785 535
4620 794 533
4621 811 535
4622 824 535
4623 837 535
4624 850 535
4625 869 541
4626 876 535
4627 889 535
4628 902 535
4629 915 535
4630 932 533
4631 941 535
4632 954 535
4633 967 535
4634 980 535
4635 992 537
4636 999 535
4637 999 535
4638 999 535
4639 999 535
4640 999 532
4641 999 535
4642 999 535
4643 999 535
4644 999 535
4645 10 541
4646 18 545
4647 31 545
4648 44 545
4649 57 545
4650 70 548
4651 83 545
4652 96 545
4653 109 545
4654 122 545
4655 140 540
4656 148 545
4657 161 545
4658 174 545
4659 187 545
4660 197 539
4661 213 545
4662 226 545
4663 239 545
4664 252 545
4665 261 549
4666 278 545
4667 291 545
4668 304 545
4669 317 545
4670 327 540
4671 343 545
4672 356 545
4673 369 545
4674 382 545
4675 400 542
4676 408 545
4677 421 545
4678 434 545
4679 447 545
4680 461 540
4681 473 545
4682 486 545
4683 499 545
4684 512 545
4685 530 541
4686 538 545
4687 551 545
4688 564 545
4689 577 545
4690 586 548
4691 603 545
4692 616 545
4693 629 545
4694 642 545
4695 653 545
4696 668 545
4697 681 545
4698 694 545
4699 707 545
4700 724 542
4701 733 545
4702 746 545
4703 759 545
4704 772 545
4705 786 544
4706 798 545
4707 811 545
4708 824 545
4709 837 545
4710 849 544
4711 863 545
4712 876 545
4713 889 545
4714 902 545
4715 918 539
4716 928 545
4717 941 545
4718 954 545
4719 967 545
4720 982 546
4721 993 545
4722 999 545
4723 999 545
4724 999 545
4725 999 547
4726 999 545
4727 999 545
4728 999 545
4729 999 545
4730 999 541
4731 5 555
4732 18 555
4733 31 555
4734 44 555
4735 54 556
4736 70 555
4737 83 555
4738 96 555
4739 109 555
4740 117 557
4741 135 555
4742 148 555
4743 161 555
4744 174 555
4745 193 551
4746 200 555
4747 213 555
4748 226 555
4749 239 555
4750 247 549
4751 265 555
4752 278 555
4753 291 555
4754 304 555
4755 312 549
4756 330 555
4757 343 555
4758 356 555
4759 369 555
4760 382 558
4761 395 555
4762 408 555
4763 421 555
4764 434 555
4765 446 557
4766 460 555
4767 473 555
4768 486 555
4769 499 555
4770 511 551
4771 525 555
4772 538 555
4773 551 555
4774 564 555
4775 576 556
4776 590 555
4777 603 555
4778 616 555
4779 629 555
4780 647 554
4781 655 555
4782 668 555
4783 681 555
4784 694 555
4785 706 551
4786 720 555
4787 733 555
4788 746 555
4789 759 555
4790 767 554
4791 785 555
4792 798 555
4793 811 555
4794 824 555
4795 839 559
4796 850 555
4797 863 555
4798 876 555
4799 889 555
4800 899 551
4801 915 555
4802 928 555
4803 941 555
4804 954 555
4805 963 558
4806 980 555
4807 993 555
4808 999 555
4809 999 555
4810 999 551
4811 999 555
4812 999 555
4813 999 555
4814 999 555
4815 999 553
4816 999 555
4817 5 565
4818 18 565
4819 31 565
4820 48 563
4821 57 565
4822 70 565
4823 83 565
4824 96 565
4825 104 566
4826 122 565
4827 135 565
4828 148 565
4829 161 565
4830 178 561
4831 187 565
4832 200 565
4833 213 565
4834 226 565
4835 238 569
4836 252 565
4837 265 565
4838 278 565
4839 291 565
4840 299 566
4841 317 565
4842 330 565
4843 343 565
4844 356 565
4845 375 568
4846 382 565
4847 395 565
4848 408 565
4849 421 565
4850 428 560
4851 447 565
4852 460 565
4853 473 565
4854 486 565
4855 500 564
4856 512 565
4857 525 565
4858 538 565
4859 551 565
4860 559 559
4861 577 565
4862 590 565
4863 603 565
4864 616 565
4865 633 570
4866 642 565
4867 655 565
4868 668 565
4869 681 565
4870 698 560
4871 707 565
4872 720 565
4873 733 565
4874 746 565
4875 759 567
4876 772 565
4877 785 565
4878 798 565
4879 811 565
4880 830 561
4881 837 565
4882 850 565
4883 863 565
4884 876 565
4885 894 570
4886 902 565
4887 915 565
4888 928 565
4889 941 565
4890 958 564
4891 967 565
4892 980 565
4893 993 565
4894 999 565
4895 999 562
4896 999 565
4897 999 565
4898 999 565
4899 999 565
4900 999 559
4901 999 565
4902 999 565
4903 5 575
4904 18 575
4905 35 570
4906 44 575
4907 57 575
4908 70 575
4909 83 575
4910 91 580
4911 109 575
4912 122 575
4913 135 575
4914 148 575
4915 165 577
4916 174 575
4917 187 575
4918 200 575
4919 213 575
4920 232 576
4921 239 575
4922 252 575
4923 265 575
4924 278 575
4925 285 576
4926 304 575
4927 317 575
4928 330 575
4929 343 575
4930 356 581
4931 369 575
4932 382 575
4933 395 575
4934 408 575
4935 425 571
4936 434 575
4937 447 575
4938 460 575
4939 473 575
4940 487 579
4941 499 575
4942 512 575
4943 525 575
4944 538 575
4945 552 574
4946 564 575
4947 577 575
4948 590 575
4949 603 575
4950 615 569
4951 629 575
4952 642 575
4953 655 575
4954 668 575
4955 681 578
4956 694 575
4957 707 575
4958 720 575
4959 733 575
4960 750 575
4961 759 575
4962 772 575
4963 785 575
4964 798 575
4965 812 576
4966 824 575
4967 837 575
4968 850 575
4969 863 575
4970 873 575
4971 889 575
4972 902 575
4973 915 575
4974 928 575
4975 947 578
4976 954 575
4977 967 575
4978 980 575
4979 993 575
4980 999 577
4981 999 575
4982 999 575
4983 999 575
4984 999 575
4985 999 569
4986 999 575
4987 999 575
4988 999 575
4989 5 585
4990 15 585
4991 31 585
4992 44 585
4993 57 585
4994 70 585
4995 81 581
4996 96 585
4997 109 585
4998 122 585
4999 135 585
5000 144 580
5001 161 585
5002 174 585
5003 187 585
5004 200 585
5005 219 582
5006 226 585
5007 239 585
5008 252 585
5009 265 585
5010 272 590
5011 291 585
5012 304 585
5013 317 585
5014 330 585
5015 338 579
5016 356 585
5017 369 585
5018 382 585
5019 395 585
5020 407 588
5021 421 585
5022 434 585
5023 447 585
5024 460 585
5025 471 579
5026 486 585
5027 499 585
5028 512 585
5029 525 585
5030 542 580
5031 551 585
5032 564 585
5033 577 585
5034 590 585
5035 607 589
5036 616 585
5037 629 585
5038 642 585
5039 655 585
5040 668 580
5041 681 585
5042 694 585
5043 707 585
5044 720 585
5045 730 587
5046 746 585
5047 759 585
5048 772 585
5049 785 585
5050 795 581
5051 811 585
5052 824 585
5053 837 585
5054 850 585
5055 861 585
5056 876 585
5057 889 585
5058 902 585
5059 915 585
5060 930 583
5061 941 585
5062 954 585
5063 967 585
5064 980 585
5065 994 589
5066 999 585
5067 999 585
5068 999 585
5069 999 585
5070 999 588
5071 999 585
5072 999 585
5073 999 585
5074 999 585
5075 10 590
5076 18 595
5077 31 595
5078 44 595
5079 57 595
5080 70 594
5081 83 595
5082 96 595
5083 109 595
5084 122 595
5085 131 593
5086 148 595
5087 161 595
5088 174 595
5089 187 595
5090 194 592
5091 213 595
5092 226 595
5093 239 595
5094 252 595
5095 268 600
5096 278 595
5097 291 595
5098 304 595
5099 317 595
5100 328 596
5101 343 595
5102 356 595
5103 369 595
5104 382 595
5105 391 596
5106 408 595
5107 421 595
5108 434 595
5109 447 595
5110 456 601
5111 473 595
5112 486 595
5113 499 595
5114 512 595
5115 530 600
5116 538 595
5117 551 595
5118 564 595
5119 577 595
5120 595 590
5121 603 595
5122 616 595
5123 629 595
5124 642 595
5125 655 591
5126 668 595
5127 681 595
5128 694 595
5129 707 595
5130 716 597
5131 733 595
5132 746 595
5133 759 595
5134 772 595
5135 790 589
5136 798 595
5137 811 595
5138 824 595
5139 837 595
5140 853 594
5141 863 595
5142 876 595
5143 889 595
5144 902 595
5145 916 597
5146 928 595
5147 941 595
5148 954 595
5149 967 595
5150 978 592
5151 993 595
5152 999 595
5153 999 595
5154 999 595
5155 999 597
5156 999 595
5157 999 595
5158 999 595
5159 999 595
5160 999 591
5161 5 605
5162 18 605
5163 31 605
5164 44 605
5165 57 604
5166 70 605
5167 83 605
5168 96 605
5169 109 605
5170 127 604
5171 135 605
5172 148 605
5173 161 605
5174 174 605
5175 190 601
5176 200 605
5177 213 605
5178 226 605
5179 239 605
5180 250 604
5181 265 605
5182 278 605
5183 291 605
5184 304 605
5185 314 607
5186 330 605
5187 343 605
5188 356 605
5189 369 605
5190 388 609
5191 395 605
5192 408 605
5193 421 605
5194 434 605
5195 444 608
5196 460 605
5197 473 605
5198 486 605
5199 499 605
5200 511 608
5201 525 605
5202 538 605
5203 551 605
5204 564 605
5205 583 611
5206 590 605
5207 603 605
5208 616 605
5209 629 605
5210 638 608
5211 655 605
5212 668 605
5213 681 605
5214 694 605
5215 713 609
5216 720 605
5217 733 605
5218 746 605
5219 759 605
5220 772 601
5221 785 605
5222 798 605
5223 811 605
5224 824 605
5225 839 607
5226 850 605
5227 863 605
5228 876 605
5229 889 605
5230 905 599
5231 915 605
5232 928 605
5233 941 605
5234 954 605
5235 968 599
5236 980 605
5237 993 605
5238 999 605
5239 999 605
5240 999 606
5241 999 605
5242 999 605
5243 999 605
5244 999 605
5245 999 599
5246 999 605
5247 5 615
5248 18 615
5249 31 615
5250 43 615
5251 57 615
5252 70 615
5253 83 615
5254 96 615
5255 115 614
5256 122 615
5257 135 615
5258 148 615
5259 161 615
5260 172 613
5261 187 615
5262 200 615
5263 213 615
5264 226 615
5265 243 619
5266 252 615
5267 265 615
5268 278 615
5269 291 615
5270 303 612
5271 317 615
5272 330 615
5273 343 615
5274 356 615
5275 363 620
5276 382 615
5277 395 615
5278 408 615
5279 421 615
5280 429 620
5281 447 615
5282 460 615
5283 473 615
5284 486 615
5285 495 616
5286 512 615
5287 525 615
5288 538 615
5289 551 615
5290 562 609
5291 577 615
5292 590 615
5293 603 615
5294 616 615
5295 628 609
5296 642 615
5297 655 615
5298 668 615
5299 681 615
5300 690 618
5301 707 615
5302 720 615
5303 733 615
5304 746 615
5305 764 618
5306 772 615
5307 785 615
5308 798 615
5309 811 615
5310 828 610
5311 837 615
5312 850 615
5313 863 615
5314 876 615
5315 889 612
5316 902 615
5317 915 615
5318 928 615
5319 941 615
5320 958 612
5321 967 615
5322 980 615
5323 993 615
5324 999 615
5325 999 614
5326 999 615
5327 999 615
5328 999 615
5329 999 615
5330 999 612
5331 999 615
5332 999 615
5333 5 625
5334 18 625
5335 29 631
5336 44 625
5337 57 625
5338 70 625
5339 83 625
5340 100 625
5341 109 625
5342 122 625
5343 135 625
5344 148 625
5345 162 630
5346 174 625
5347 187 625
5348 200 625
5349 213 625
5350 231 621
5351 239 625
5352 252 625
5353 265 625
5354 278 625
5355 290 622
5356 304 625
5357 317 625
5358 330 625
5359 343 625
5360 352 628
5361 369 625
5362 382 625
5363 395 625
5364 408 625
5365 421 629
5366 434 625
5367 447 625
5368 460 625
5369 473 625
5370 490 619
5371 499 625
5372 512 625
5373 525 625
5374 538 625
5375 553 627
5376 564 625
5377 577 625
5378 590 625
5379 603 625
5380 611 628
5381 629 625
5382 642 625
5383 655 625
5384 668 625
5385 685 627
5386 694 625
5387 707 625
5388 720 625
5389 733 625
5390 747 622
5391 759 625
5392 772 625
5393 785 625
5394 798 625
5395 813 622
5396 824 625
5397 837 625
5398 850 625
5399 863 625
5400 880 625
5401 889 625
5402 902 625
5403 915 625
5404 928 625
5405 947 620
5406 954 625
5407 967 625
5408 980 625
5409 993 625
5410 999 626
5411 999 625
5412 999 625
5413 999 625
5414 999 625
5415 999 629
5416 999 625
5417 999 625
5418 999 625
5419 5 635
5420 19 632
5421 31 635
5422 44 635
5423 57 635
5424 70 635
5425 86 640
5426 96 635
5427 109 635
5428 122 635
5429 135 635
5430 147 635
5431 161 635
5432 174 635
5433 187 635
5434 200 635
5435 208 629
5436 226 635
5437 239 635
5438 252 635
5439 265 635
5440 276 637
5441 291 635
5442 304 635
5443 317 635
5444 330 635
5445 344 629
5446 356 635
5447 369 635
5448 382 635
5449 395 635
5450 409 637
5451 421 635
5452 434 635
5453 447 635
5454 460 635
5455 473 639
5456 486 635
5457 499 635
5458 512 635
5459 525 635
5460 540 634
5461 551 635
5462 564 635
5463 577 635
5464 590 635
5465 600 632
5466 616 635
5467 629 635
5468 642 635
5469 655 635
5470 668 637
5471 681 635
5472 694 635
5473 707 635
5474 720 635
5475 731 636
5476 746 635
5477 759 635
5478 772 635
5479 785 635
5480 802 632
5481 811 635
5482 824 635
5483 837 635
5484 850 635
5485 858 634
5486 876 635
5487 889 635
5488 902 635
5489 915 635
5490 924 632
5491 941 635
5492 954 635
5493 967 635
5494 980 635
5495 987 636
5496 999 635
5497 999 635
5498 999 635
5499 999 635
5500 999 637
5501 999 635
5502 999 635
5503 999 635
5504 999 635
5505 2 645
5506 18 645
5507 31 645
5508 44 645
5509 57 645
5510 67 648
5511 83 645
5512 96 645
5513 109 645
5514 122 645
5515 131 647
5516 148 645
5517 161 645
5518 174 645
5519 187 645
5520 201 648
5521 213 645
5522 226 645
5523 239 645
5524 252 645
5525 263 651
5526 278 645
5527 291 645
5528 304 645
5529 317 645
5530 333 646
5531 343 645
5532 356 645
5533 369 645
5534 382 645
5535 397 640
5536 408 645
5537 421 645
5538 434 645
5539 447 645
5540 454 641
5541 473 645
5542 486 645
5543 499 645
5544 512 645
5545 525 649
5546 538 645
5547 551 645
5548 564 645
5549 577 645
5550 588 647
5551 603 645
5552 616 645
5553 629 645
5554 642 645
5555 653 650
5556 668 645
5557 681 645
5558 694 645
5559 707 645
5560 726 641
5561 733 645
5562 746 645
5563 759 645
5564 772 645
5565 780 640
5566 798 645
5567 811 645
5568 824 645
5569 837 645
5570 849 648
5571 863 645
5572 876 645
5573 889 645
5574 902 645
5575 920 639
5576 928 645
5577 941 645
5578 954 645
5579 967 645
5580 982 651
5581 993 645
5582 999 645
5583 999 645
5584 999 645
5585 999 651
5586 999 645
5587 999 645
5588 999 645
5589 999 645
5590 999 651
5591 5 655
5592 18 655
5593 31 655
5594 44 655
5595 57 660
5596 70 655
5597 83 655
5598 96 655
5599 109 655
5600 118 657
5601 135 655
5602 148 655
5603 161 655
5604 174 655
5605 190 659
5606 200 655
5607 213 655
5608 226 655
5609 239 655
5610 249 653
5611 265 655
5612 278 655
5613 291 655
5614 304 655
5615 321 651
5616 330 655
5617 343 655
5618 356 655
5619 369 655
5620 384 661
5621 395 655
5622 408 655
5623 421 655
5624 434 655
5625 445 661
5626 460 655
5627 473 655
5628 486 655
5629 499 655
5630 516 651
5631 525 655
5632 538 655
5633 551 655
5634 564 655
5635 573 651
5636 590 655
5637 603 655
5638 616 655
5639 629 655
5640 640 653
5641 655 655
5642 668 655
5643 681 655
5644 694 655
5645 708 649
5646 720 655
5647 733 655
5648 746 655
5649 759 655
5650 774 649
5651 785 655
5652 798 655
5653 811 655
5654 824 655
5655 833 659
5656 850 655
5657 863 655
5658 876 655
5659 889 655
5660 907 653
5661 915 655
5662 928 655
5663 941 655
5664 954 655
5665 965 658
5666 980 655
5667 993 655
5668 999 655
5669 999 655
5670 999 658
5671 999 655
5672 999 655
5673 999 655
5674 999 655
5675 999 650
5676 999 655
5677 5 665
5678 18 665
5679 31 665
5680 46 666
5681 57 665
5682 70 665
5683 83 665
5684 96 665
5685 111 667
5686 122 665
5687 135 665
5688 148 665
5689 161 665
5690 179 666
5691 187 665
5692 200 665
5693 213 665
5694 226 665
5695 241 667
5696 252 665
5697 265 665
5698 278 665
5699 291 665
5700 302 671
5701 317 665
5702 330 665
5703 343 665
5704 356 665
5705 369 664
5706 382 665
5707 395 665
5708 408 665
5709 421 665
5710 432 670
5711 447 665
5712 460 665
5713 473 665
5714 486 665
5715 495 664
5716 512 665
5717 525 665
5718 538 665
5719 551 665
5720 568 660
5721 577 665
5722 590 665
5723 603 665
5724 616 665
5725 631 659
5726 642 665
5727 655 665
5728 668 665
5729 681 665
5730 693 665
5731 707 665
5732 720 665
5733 733 665
5734 746 665
5735 756 660
5736 772 665
5737 785 665
5738 798 665
5739 811 665
5740 823 670
5741 837 665
5742 850 665
5743 863 665
5744 876 665
5745 894 670
5746 902 665
5747 915 665
5748 928 665
5749 941 665
5750 948 660
5751 967 665
5752 980 665
5753 993 665
5754 999 665
5755 999 671
5756 999 665
5757 999 665
5758 999 665
5759 999 665
5760 999 662
5761 999 665
5762 999 665
5763 5 675
5764 18 675
5765 29 672
5766 44 675
5767 57 675
5768 70 675
5769 83 675
5770 97 676
5771 109 675
5772 122 675
5773 135 675
5774 148 675
5775 158 678
5776 174 675
5777 187 675
5778 200 675
5779 213 675
5780 229 680
5781 239 675
5782 252 675
5783 265 675
5784 278 675
5785 293 677
5786 304 675
5787 317 675
5788 330 675
5789 343 675
5790 357 679
5791 369 675
5792 382 675
5793 395 675
5794 408 675
5795 420 669
5796 434 675
5797 447 675
5798 460 675
5799 473 675
5800 482 681
5801 499 675
5802 512 675
5803 525 675
5804 538 675
5805 557 672
5806 564 675
5807 577 675
5808 590 675
5809 603 675
5810 610 678
5811 629 675
5812 642 675
5813 655 675
5814 668 675
5815 683 671
5816 694 675
5817 707 675
5818 720 675
5819 733 675
5820 743 675
5821 759 675
5822 772 675
5823 785 675
5824 798 675
5825 807 669
5826 824 675
5827 837 675
5828 850 675
5829 863 675
5830 878 678
5831 889 675
5832 902 675
5833 915 675
5834 928 675
5835 942 672
5836 954 675
5837 967 675
5838 980 675
5839 993 675
5840 999 676
5841 999 675
5842 999 675
5843 999 675
5844 999 675
5845 999 670
5846 999 675
5847 999 675
5848 999 675
5849 5 685
5850 19 691
5851 31 685
5852 44 685
5853 57 685
5854 70 685
5855 87 681
5856 96 685
5857 109 685
5858 122 685
5859 135 685
5860 152 690
5861 161 685
5862 174 685
5863 187 685
5864 200 685
5865 210 685
5866 226 685
5867 239 685
5868 252 685
5869 265 685
5870 282 686
5871 291 685
5872 304 685
5873 317 685
5874 330 685
5875 343 687
5876 356 685
5877 369 685
5878 382 685
5879 395 685
5880 407 690
5881 421 685
5882 434 685
5883 447 685
5884 460 685
5885 476 680
5886 486 685
5887 499 685
5888 512 685
5889 525 685
5890 534 686
5891 551 685
5892 564 685
5893 577 685
5894 590 685
5895 608 685
5896 616 685
5897 629 685
5898 642 685
5899 655 685
5900 669 680
5901 681 685
5902 694 685
5903 707 685
5904 720 685
5905 739 679
5906 746 685
5907 759 685
5908 772 685
5909 785 685
5910 797 682
5911 811 685
5912 824 685
5913 837 685
5914 850 685
5915 858 691
5916 876 685
5917 889 685
5918 902 685
5919 915 685
5920 926 684
5921 941 685
5922 954 685
5923 967 685
5924 980 685
5925 994 679
5926 999 685
5927 999 685
5928 999 685
5929 999 685
5930 999 683
5931 999 685
5932 999 685
5933 999 685
5934 999 685
5935 5 691
5936 18 695
5937 31 695
5938 44 695
5939 57 695
5940 65 698
5941 83 695
5942 96 695
5943 109 695
5944 122 695
5945 135 690
5946 148 695
5947 161 695
5948 174 695
5949 187 695
5950 199 691
5951 213 695
5952 226 695
5953 239 695
5954 252 695
5955 264 698
5956 278 695
5957 291 695
5958 304 695
5959 317 695
5960 336 695
5961 343 695
5962 356 695
5963 369 695
5964 382 695
5965 396 699
5966 408 695
5967 421 695
5968 434 695
5969 447 695
5970 466 695
5971 473 695
5972 486 695
5973 499 695
5974 512 695
5975 520 696
5976 538 695
5977 551 695
5978 564 695
5979 577 695
5980 592 698
5981 603 695
5982 616 695
5983 629 695
5984 642 695
5985 655 695
5986 668 695
5987 681 695
5988 694 695
5989 707 695
5990 726 699
5991 733 695
5992 746 695
5993 759 695
5994 772 695
5995 789 696
5996 798 695
5997 811 695
5998 824 695
5999 837 695
6000 854 693
6001 863 695
6002 876 695
6003 889 695
6004 902 695
6005 910 693
6006 928 695
6007 941 695
6008 954 695
6009 967 695
6010 974 695
6011 993 695
6012 999 695
6013 999 695
6014 999 695
6015 999 690
6016 999 695
6017 999 695
6018 999 695
6019 999 695
6020 999 695
6021 5 705
6022 18 705
6023 31 705
6024 44 705
6025 51 704
6026 70 705
6027 83 705
6028 96 705
6029 109 705
6030 117 708
6031 135 705
6032 148 705
6033 161 705
6034 174 705
6035 181 704
6036 200 705
6037 213 705
6038 226 705
6039 239 705
6040 254 702
6041 265 705
6042 278 705
6043 291 705
6044 304 705
6045 311 710
6046 330 705
6047 343 705
6048 356 705
6049 369 705
6050 385 702
6051 395 705
6052 408 705
6053 421 705
6054 434 705
6055 441 710
6056 460 705
6057 473 705
6058 486 705
6059 499 705
6060 510 699
6061 525 705
6062 538 705
6063 551 705
6064 564 705
6065 575 709
6066 590 705
6067 603 705
6068 616 705
6069 629 705
6070 647 699
6071 655 705
6072 668 705
6073 681 705
6074 694 705
6075 703 702
6076 720 705
6077 733 705
6078 746 705
6079 759 705
6080 778 710
6081 785 705
6082 798 705
6083 811 705
6084 824 705
6085 835 700
6086 850 705
6087 863 705
6088 876 705
6089 889 705
6090 896 699
6091 915 705
6092 928 705
6093 941 705
6094 954 705
6095 969 705
6096 980 705
6097 993 705
6098 999 705
6099 999 705
6100 999 704
6101 999 705
6102 999 705
6103 999 705
6104 999 705
6105 999 704
6106 999 705
6107 5 715
6108 18 715
6109 31 715
6110 43 717
6111 57 715
6112 70 715
6113 83 715
6114 96 715
6115 109 720
6116 122 715
6117 135 715
6118 148 715
6119 161 715
6120 177 709
6121 187 715
6122 200 715
6123 213 715
6124 226 715
6125 243 718
6126 252 715
6127 265 715
6128 278 715
6129 291 715
6130 307 720
6131 317 715
6132 330 715
6133 343 715
6134 356 715
6135 373 715
6136 382 715
6137 395 715
6138 408 715
6139 421 715
6140 431 712
6141 447 715
6142 460 715
6143 473 715
6144 486 715
6145 493 709
6146 512 715
6147 525 715
6148 538 715
6149 551 715
6150 559 712
6151 577 715
6152 590 715
6153 603 715
6154 616 715
6155 625 714
6156 642 715
6157 655 715
6158 668 715
6159 681 715
6160 691 718
6161 707 715
6162 720 715
6163 733 715
6164 746 715
6165 758 711
6166 772 715
6167 785 715
6168 798 715
6169 811 715
6170 823 720
6171 837 715
6172 850 715
6173 863 715
6174 876 715
6175 888 716
6176 902 715
6177 915 715
6178 928 715
6179 941 715
6180 955 716
6181 967 715
6182 980 715
6183 993 715
6184 999 715
6185 999 712
6186 999 715
6187 999 715
6188 999 715
6189 999 715
6190 999 716
6191 999 715
6192 999 715
6193 5 725
6194 18 725
6195 30 727
6196 44 725
6197 57 725
6198 70 725
6199 83 725
6200 97 725
6201 109 725
6202 122 725
6203 135 725
6204 148 725
6205 156 729
6206 174 725
6207 187 725
6208 200 725
6209 213 725
6210 222 725
6211 239 725
6212 252 725
6213 265 725
6214 278 725
6215 292 719
6216 304 725
6217 317 725
6218 330 725
6219 343 725
6220 351 729
6221 369 725
6222 382 725
6223 395 725
6224 408 725
6225 425 728
6226 434 725
6227 447 725
6228 460 725
6229 473 725
6230 480 727
6231 499 725
6232 512 725
6233 525 725
6234 538 725
6235 549 720
6236 564 725
6237 577 725
6238 590 725
6239 603 725
6240 612 719
6241 629 725
6242 642 725
6243 655 725
6244 668 725
6245 676 728
6246 694 725
6247 707 725
6248 720 725
6249 733 725
6250 742 723
6251 759 725
6252 772 725
6253 785 725
6254 798 725
6255 811 729
6256 824 725
6257 837 725
6258 850 725
6259 863 725
6260 878 721
6261 889 725
6262 902 725
6263 915 725
6264 928 725
6265 936 721
6266 954 725
6267 967 725
6268 980 725
6269 993 725
6270 999 726
6271 999 725
6272 999 725
6273 999 725
6274 999 725
6275 999 728
6276 999 725
6277 999 725
6278 999 725
6279 5 735
6280 23 734
6281 31 735
6282 44 735
6283 57 735
6284 70 735
6285 82 737
6286 96 735
6287 109 735
6288 122 735
6289 135 735
6290 144 734
6291 161 735
6292 174 735
6293 187 735
6294 200 735
6295 209 739
6296 226 735
6297 239 735
6298 252 735
6299 265 735
6300 274 734
6301 291 735
6302 304 735
6303 317 735
6304 330 735
6305 337 736
6306 356 735
6307 369 735
6308 382 735
6309 395 735
6310 402 737
6311 421 735
6312 434 735
6313 447 735
6314 460 735
6315 474 740
6316 486 735
6317 499 735
6318 512 735
6319 525 735
6320 534 733
6321 551 735
6322 564 735
6323 577 735
6324 590 735
6325 597 740
6326 616 735
6327 629 735
6328 642 735
6329 655 735
6330 667 737
6331 681 735
6332 694 735
6333 707 735
6334 720 735
6335 732 731
6336 746 735
6337 759 735
6338 772 735
6339 785 735
6340 804 732
6341 811 735
6342 824 735
6343 837 735
6344 850 735
6345 858 741
6346 876 735
6347 889 735
6348 902 735
6349 915 735
6350 926 733
6351 941 735
6352 954 735
6353 967 735
6354 980 735
6355 994 735
6356 999 735
6357 999 735
6358 999 735
6359 999 735
6360 999 730
6361 999 735
6362 999 735
6363 999 735
6364 999 735
6365 10 746
6366 18 745
6367 31 745
6368 44 745
6369 57 745
6370 66 747
6371 83 745
6372 96 745
6373 109 745
6374 122 745
6375 140 749
6376 148 745
6377 161 745
6378 174 745
6379 187 745
6380 204 743
6381 213 745
6382 226 745
6383 239 745
6384 252 745
6385 266 749
6386 278 745
6387 291 745
6388 304 745
6389 317 745
6390 327 750
6391 343 745
6392 356 745
6393 369 745
6394 382 745
6395 399 739
6396 408 745
6397 421 745
6398 434 745
6399 447 745
6400 461 741
6401 473 745
6402 486 745
6403 499 745
6404 512 745
6405 531 740
6406 538 745
6407 551 745
6408 564 745
6409 577 745
6410 590 749
6411 603 745
6412 616 745
6413 629 745
6414 642 745
6415 652 741
6416 668 745
6417 681 745
6418 694 745
6419 707 745
6420 726 741
6421 733 745
6422 746 745
6423 759 745
6424 772 745
6425 788 751
6426 798 745
6427 811 745
6428 824 745
6429 837 745
6430 847 741
6431 863 745
6432 876 745
6433 889 745
6434 902 745
6435 914 749
6436 928 745
6437 941 745
6438 954 745
6439 967 745
6440 984 746
6441 993 745
6442 999 745
6443 999 745
6444 999 745
6445 999 751
6446 999 745
6447 999 745
6448 999 745
6449 999 745
6450 999 751
6451 5 755
6452 18 755
6453 31 755
6454 44 755
6455 60 755
6456 70 755
6457 83 755
6458 96 755
6459 109 755
6460 121 752
6461 135 755
6462 148 755
6463 161 755
6464 174 755
6465 181 750
6466 200 755
6467 213 755
6468 226 755
6469 239 755
6470 247 757
6471 265 755
6472 278 755
6473 291 755
6474 304 755
6475 323 749
6476 330 755
6477 343 755
6478 356 755
6479 369 755
6480 382 750
6481 395 755
6482 408 755
6483 421 755
6484 434 755
6485 445 750
6486 460 755
6487 473 755
6488 486 755
6489 499 755
6490 511 755
6491 525 755
6492 538 755
6493 551 755
6494 564 755
6495 571 753
6496 590 755
6497 603 755
6498 616 755
6499 629 755
6500 646 757
6501 655 755
6502 668 755
6503 681 755
6504 694 755
6505 709 761
6506 720 755
6507 733 755
6508 746 755
6509 759 755
6510 778 761
6511 785 755
6512 798 755
6513 811 755
6514 824 755
6515 837 756
6516 850 755
6517 863 755
6518 876 755
6519 889 755
6520 907 759
6521 915 755
6522 928 755
6523 941 755
6524 954 755
6525 973 758
6526 980 755
6527 993 755
6528 999 755
6529 999 755
6530 999 759
6531 999 755
6532 999 755
6533 999 755
6534 999 755
6535 999 757
6536 999 755
6537 5 765
6538 18 765
6539 31 765
6540 44 764
6541 57 765
6542 70 765
6543 83 765
6544 96 765
6545 111 762
6546 122 765
6547 135 765
6548 148 765
6549 161 765
6550 178 761
6551 187 765
6552 200 765
6553 213 765
6554 226 765
6555 234 763
6556 252 765
6557 265 765
6558 278 765
6559 291 765
6560 301 767
6561 317 765
6562 330 765
6563 343 765
6564 356 765
6565 369 761
6566 382 765
6567 395 765
6568 408 765
6569 421 765
6570 439 763
6571 447 765
6572 460 765
6573 473 765
6574 486 765
6575 497 763
6576 512 765
6577 525 765
6578 538 765
6579 551 765
6580 565 760
6581 577 765
6582 590 765
6583 603 765
6584 616 765
6585 625 760
6586 642 765
6587 655 765
6588 668 765
6589 681 765
6590 692 768
6591 707 765
6592 720 765
6593 733 765
6594 746 765
6595 760 765
6596 772 765
6597 785 765
6598 798 765
6599 811 765
6600 827 764
6601 837 765
6602 850 765
6603 863 765
6604 876 765
6605 886 762
6606 902 765
6607 915 765
6608 928 765
6609 941 765
6610 956 762
6611 967 765
6612 980 765
6613 993 765
6614 999 765
6615 999 767
6616 999 765
6617 999 765
6618 999 765
6619 999 765
6620 999 768
6621 999 765
6622 999 765
6623 5 775
6624 18 775
6625 32 781
6626 44 775
6627 57 775
6628 70 775
6629 83 775
6630 100 778
6631 109 775
6632 122 775
6633 135 775
6634 148 775
6635 161 777
6636 174 775
6637 187 775
6638 200 775
6639 213 775
6640 227 772
6641 239 775
6642 252 775
6643 265 775
6644 278 775
6645 294 773
6646 304 775
6647 317 775
6648 330 775
6649 343 775
6650 356 773
6651 369 775
6652 382 775
6653 395 775
6654 408 775
6655 424 776
6656 434 775
6657 447 775
6658 460 775
6659 473 775
6660 485 777
6661 499 775
6662 512 775
6663 525 775
6664 538 775
6665 547 772
6666 564 775
6667 577 775
6668 590 775
6669 603 775
6670 618 771
6671 629 775
6672 642 775
6673 655 775
6674 668 775
6675 678 779
6676 694 775
6677 707 775
6678 720 775
6679 733 775
6680 751 771
6681 759 775
6682 772 775
6683 785 775
6684 798 775
6685 812 773
6686 824 775
6687 837 775
6688 850 775
6689 863 775
6690 882 779
6691 889 775
6692 902 775
6693 915 775
6694 928 775
6695 944 781
6696 954 775
6697 967 775
6698 980 775
6699 993 775
6700 999 779
6701 999 775
6702 999 775
6703 999 775
6704 999 775
6705 999 770
6706 999 775
6707 999 775
6708 999 775
6709 5 785
6710 21 784
6711 31 785
6712 44 785
6713 57 785
6714 70 785
6715 83 789
6716 96 785
6717 109 785
6718 122 785
6719 135 785
6720 150 785
6721 161 785
6722 174 785
6723 187 785
6724 200 785
6725 214 780
6726 226 785
6727 239 785
6728 252 785
6729 265 785
6730 284 781
6731 291 785
6732 304 785
6733 317 785
6734 330 785
6735 349 783
6736 356 785
6737 369 785
6738 382 785
6739 395 785
6740 411 788
6741 421 785
6742 434 785
6743 447 785
6744 460 785
6745 478 779
6746 486 785
6747 499 785
6748 512 785
6749 525 785
6750 533 783
6751 551 785
6752 564 785
6753 577 785
6754 590 785
6755 597 787
6756 616 785
6757 629 785
6758 642 785
6759 655 785
6760 668 789
6761 681 785
6762 694 785
6763 707 785
6764 720 785
6765 727 787
6766 746 785
6767 759 785
6768 772 785
6769 785 785
6770 794 781
6771 811 785
6772 824 785
6773 837 785
6774 850 785
6775 865 788
6776 876 785
6777 889 785
6778 902 785
6779 915 785
6780 929 789
6781 941 785
6782 954 785
6783 967 785
6784 980 785
6785 991 788
6786 999 785
6787 999 785
6788 999 785
6789 999 785
6790 999 786
6791 999 785
6792 999 785
6793 999 785
6794 999 785
6795 9 799
6796 18 795
6797 31 795
6798 44 795
6799 57 795
6800 65 793
6801 83 795
6802 96 795
6803 109 795
6804 122 795
6805 137 790
6806 148 795
6807 161 795
6808 174 795
6809 187 795
6810 202 790
6811 213 795
6812 226 795
6813 239 795
6814 252 795
6815 269 798
6816 278 795
6817 291 795
6818 304 795
6819 317 795
6820 327 791
6821 343 795
6822 356 795
6823 369 795
6824 382 795
6825 396 792
6826 408 795
6827 421 795
6828 434 795
6829 447 795
6830 466 797
6831 473 795
6832 486 795
6833 499 795
6834 512 795
6835 529 796
6836 538 795
6837 551 795
6838 564 795
6839 577 795
6840 594 797
6841 603 795
6842 616 795
6843 629 795
6844 642 795
6845 656 799
6846 668 795
6847 681 795
6848 694 795
6849 707 795
6850 719 799
6851 733 795
6852 746 795
6853 759 795
6854 772 795
6855 787 794
6856 798 795
6857 811 795
6858 824 795
6859 837 795
6860 855 799
6861 863 795
6862 876 795
6863 889 795
6864 902 795
6865 915 791
6866 928 795
6867 941 795
6868 954 795
6869 967 795
6870 985 792
6871 993 795
6872 999 795
6873 999 795
6874 999 795
6875 999 790
6876 999 795
6877 999 795
6878 999 795
6879 999 795
6880 999 799
6881 5 799
6882 18 799
6883 31 799
6884 44 799
6885 62 799
6886 70 799
6887 83 799
6888 96 799
6889 109 799
6890 125 799
6891 135 799
6892 148 799
6893 161 799
6894 174 799
6895 181 799
6896 200 799
6897 213 799
6898 226 799
6899 239 799
6900 258 799
6901 265 799
6902 278 799
6903 291 799
6904 304 799
6905 316 799
6906 330 799
6907 343 799
6908 356 799
6909 369 799
6910 383 799
6911 395 799
6912 408 799
6913 421 799
6914 434 799
6915 450 799
6916 460 799
6917 473 799
6918 486 799
6919 499 799
6920 518 799
6921 525 799
6922 538 799
6923 551 799
6924 564 799
6925 583 799
6926 590 799
6927 603 799
6928 616 799
6929 629 799
6930 648 799
6931 655 799
6932 668 799
6933 681 799
6934 694 799
6935 708 799
6936 720 799
6937 733 799
6938 746 799
6939 759 799
6940 775 799
6941 785 799
6942 798 799
6943 811 799
6944 824 799
6945 834 799
6946 850 799
6947 863 799
6948 876 799
6949 889 799
6950 903 799
6951 915 799
6952 928 799
6953 941 799
6954 954 799
6955 971 799
6956 980 799
6957 993 799
6958 999 799
6959 999 799
6960 999 799
6961 999 799
6962 999 799
6963 999 799
6964 999 799
6965 999 799
6966 999 799
6967 5 799
6968 18 799
6969 31 799
6970 48 799
6971 57 799
6972 70 799
6973 83 799
6974 96 799
6975 114 799
6976 122 799
6977 135 799
6978 148 799
6979 161 799
6980 175 799
6981 187 799
6982 200 799
6983 213 799
6984 226 799
6985 245 799
6986 252 799
6987 265 799
6988 278 799
6989 291 799
6990 304 799
6991 317 799
6992 330 799
6993 343 799
6994 356 799
6995 373 799
6996 382 799
6997 395 799
6998 408 799
6999 421 799
7000 429 799
7001 447 799
7002 460 799
7003 473 799
7004 486 799
7005 496 799
7006 512 799
7007 525 799
7008 538 799
7009 551 799
7010 562 799
7011 577 799
7012 590 799
7013 603 799
7014 616 799
7015 624 799
7016 642 799
7017 655 799
7018 668 799
7019 681 799
7020 691 799
7021 707 799
7022 720 799
7023 733 799
7024 746 799
7025 753 799
7026 772 799
7027 785 799
7028 798 799
7029 811 799
7030 826 799
7031 837 799
7032 850 799
7033 863 799
7034 876 799
7035 892 799
7036 902 799
7037 915 799
7038 928 799
7039 941 799
7040 954 799
7041 967 799
7042 980 799
7043 993 799
7044 999 799
7045 999 799
7046 999 799
7047 999 799
7048 999 799
7049 999 799
7050 999 799
7051 999 799
7052 999 799
7053 5 799
7054 18 799
7055 26 799
7056 44 799
7057 57 799
7058 70 799
7059 83 799
7060 101 799
7061 109 799
7062 122 799
7063 135 799
7064 148 799
7065 165 799
7066 174 799
7067 187 799
7068 200 799
7069 213 799
7070 231 799
7071 239 799
7072 252 799
7073 265 799
7074 278 799
7075 294 799
7076 304 799
7077 317 799
7078 330 799
7079 343 799
7080 355 799
7081 369 799
7082 382 799
7083 395 799
7084 408 799
7085 424 799
7086 434 799
7087 447 799
7088 460 799
7089 473 799
7090 485 799
7091 499 799
7092 512 799
7093 525 799
7094 538 799
7095 553 799
7096 564 799
7097 577 799
7098 590 799
7099 603 799
7100 614 799
7101 629 799
7102 642 799
7103 655 799
7104 668 799
7105 685 799
7106 694 799
7107 707 799
7108 720 799
7109 733 799
7110 752 799
7111 759 799
7112 772 799
7113 785 799
7114 798 799
7115 807 799
7116 824 799
7117 837 799
7118 850 799
7119 863 799
7120 876 799
7121 889 799
7122 902 799
7123 915 799
7124 928 799
7125 942 799
7126 954 799
7127 967 799
7128 980 799
7129 993 799
7130 999 799
7131 999 799
7132 999 799
7133 999 799
7134 999 799
7135 999 799
7136 999 799
7137 999 799
7138 999 799
7139 5 799
7140 19 799
7141 31 799
7142 44 799
7143 57 799
7144 70 799
7145 80 799
7146 96 799
7147 109 799
7148 122 799
7149 135 799
7150 144 799
7151 161 799
7152 174 799
7153 187 799
7154 200 799
7155 208 799
7156 226 799
7157 239 799
7158 252 799
7159 265 799
7160 283 799
7161 291 799
7162 304 799
7163 317 799
7164 330 799
7165 338 799
7166 356 799
7167 369 799
7168 382 799
7169 395 799
7170 409 799
7171 421 799
7172 434 799
7173 447 799
7174 460 799
7175 478 799
7176 486 799
7177 499 799
7178 512 799
7179 525 799
7180 541 799
7181 551 799
7182 564 799
7183 577 799
7184 590 799
7185 606 799
7186 616 799
7187 629 799
7188 642 799
7189 655 799
7190 672 799
7191 681 799
7192 694 799
7193 707 799
7194 720 799
7195 739 799
7196 746 799
7197 759 799
7198 772 799
7199 785 799
7200 802 799
7201 811 799
7202 824 799
7203 837 799
7204 850 799
7205 860 799
7206 876 799
7207 889 799
7208 902 799
7209 915 799
7210 934 799
7211 941 799
7212 954 799
7213 967 799
7214 980 799
7215 994 799
7216 999 799
7217 999 799
7218 999 799
7219 999 799
7220 999 799
7221 999 799
7222 999 799
7223 999 799
7224 999 799
7225 4 799
7226 18 799
7227 31 799
7228 44 799
7229 57 799
7230 70 799
7231 83 799
7232 96 799
7233 109 799
7234 122 799
7235 138 799
7236 148 799
7237 161 799
7238 174 799
7239 187 799
7240 197 799
7241 213 799
7242 226 799
7243 239 799
7244 252 799
7245 262 799
7246 278 799
7247 291 799
7248 304 799
7249 317 799
7250 328 799
7251 343 799
7252 356 799
7253 369 799
7254 382 799
7255 398 799
7256 408 799
7257 421 799
7258 434 799
7259 447 799
7260 464 799
7261 473 799
7262 486 799
7263 499 799
7264 512 799
7265 523 799
7266 538 799
7267 551 799
7268 564 799
7269 577 799
7270 596 799
7271 603 799
7272 616 799
7273 629 799
7274 642 799
7275 657 799
7276 668 799
7277 681 799
7278 694 799
7279 707 799
7280 719 799
7281 733 799
7282 746 799
7283 759 799
7284 772 799
7285 784 799
7286 798 799
7287 811 799
7288 824 799
7289 837 799
7290 845 799
7291 863 799
7292 876 799
7293 889 799
7294 902 799
7295 918 799
7296 928 799
7297 941 799
7298 954 799
7299 967 799
7300 979 799
7301 993 799
7302 999 799
7303 999 799
7304 999 799
7305 999 799
7306 999 799
7307 999 799
7308 999 799
7309 999 799
7310 999 799
7311 5 799
7312 18 799
7313 31 799
7314 44 799
7315 54 799
7316 70 799
7317 83 799
7318 96 799
7319 109 799
7320 123 799
7321 135 799
7322 148 799
7323 161 799
7324 174 799
7325 186 799
7326 200 799
7327 213 799
7328 226 799
7329 239 799
7330 254 799
7331 265 799
7332 278 799
7333 291 799
7334 304 799
7335 312 799
7336 330 799
7337 343 799
7338 356 799
7339 369 799
7340 385 799
7341 395 799
7342 408 799
7343 421 799
7344 434 799
7345 446 799
7346 460 799
7347 473 799
7348 486 799
7349 499 799
7350 510 799
7351 525 799
7352 538 799
7353 551 799
7354 564 799
7355 580 799
7356 590 799
7357 603 799
7358 616 799
7359 629 799
7360 643 799
7361 655 799
7362 668 799
7363 681 799
7364 694 799
7365 708 799
7366 720 799
7367 733 799
7368 746 799
7369 759 799
7370 778 799
7371 785 799
7372 798 799
7373 811 799
7374 824 799
7375 841 799
7376 850 799
7377 863 799
7378 876 799
7379 889 799
7380 901 799
7381 915 799
7382 928 799
7383 941 799
7384 954 799
7385 968 799
7386 980 799
7387 993 799
7388 999 799
7389 999 799
7390 999 799
7391 999 799
7392 999 799
7393 999 799
7394 999 799
7395 999 799
7396 999 799
7397 5 799
