1 257 212
2 115 236
3 243 264
4 246 152
5 269 101
6 130 253
7 281 265
8 112 106
9 100 190
10 274 199
11 270 289
12 164 214
13 187 127
14 125 268
15 264 235
16 150 240
17 132 223
18 109 239
19 225 298
20 186 209
21 222 150
22 121 276
23 246 167
24 246 244
25 228 241
26 175 223
27 234 101
28 294 267
29 148 201
30 149 216
31 238 278
32 187 134
33 250 190
34 221 157
35 255 172
36 180 101
37 104 165
38 276 220
39 267 188
40 267 120
41 181 181
42 139 122
43 159 227
44 105 130
45 228 142
46 191 124
47 249 270
48 271 243
49 262 287
50 125 156
51 245 188
52 288 155
53 161 173
54 219 168
55 124 174
56 100 259
57 233 128
58 134 156
59 238 165
60 274 123
61 184 190
62 228 213
63 281 155
64 151 133
65 193 133
66 257 279
67 162 211
68 174 293
69 192 284
70 260 285
71 108 236
72 106 154
73 141 231
74 191 221
75 235 214
76 104 196
77 113 102
78 272 155
79 259 174
80 173 105
81 121 185
82 275 290
83 216 120
84 197 122
85 253 141
86 264 254
87 204 288
88 115 247
89 183 174
90 171 150
91 264 230
92 197 279
93 128 161
94 265 160
95 239 119
96 133 117
97 210 255
98 263 222
99 261 115
100 237 120
101 134 168
102 267 194
103 249 150
104 292 125
105 287 124
106 271 185
107 103 123
108 140 191
109 287 295
110 261 155
111 155 136
112 183 234
113 107 246
114 143 249
115 124 192
116 285 168
117 236 150
118 116 196
119 263 103
120 129 278
121 168 240
122 173 214
123 147 248
124 114 187
125 214 172
126 235 266
127 154 182
128 265 297
129 285 132
130 186 103
131 106 142
132 101 194
133 139 203
134 248 252
135 107 244
136 227 284
137 265 283
138 286 215
139 263 269
140 186 159
141 232 256
142 135 251
143 257 118
144 113 154
145 185 119
146 210 230
147 216 126
148 272 126
149 238 278
150 174 244
151 299 162
152 180 270
153 245 250
154 100 170
155 195 150
156 133 116
157 245 126
158 170 149
159 107 149
160 237 120
161 189 194
162 166 288
163 133 296
164 167 239
165 110 260
166 276 285
167 194 242
168 160 169
169 176 165
170 106 106
171 118 242
172 258 134
173 285 194
174 285 189
175 255 222
176 118 189
177 141 153
178 154 204
179 295 191
180 236 248
181 182 160
182 160 235
183 174 148
184 221 102
185 266 100
186 272 242
187 143 230
188 102 246
189 236 131
190 102 238
191 111 277
192 283 188
193 241 187
194 243 140
195 187 256
196 174 284
197 228 157
198 223 257
199 182 122
200 260 237
201 273 282
202 223 254
203 249 175
204 145 210
205 151 208
206 267 263
207 189 297
208 237 204
209 176 271
210 293 287
211 204 180
212 215 109
213 226 288
214 114 285
215 106 144
216 163 214
217 171 165
218 265 128
219 154 129
220 238 165
221 141 133
222 289 279
223 288 210
224 195 230
225 220 118
226 180 211
227 128 273
228 132 192
229 167 213
230 128 261
231 161 159
232 204 106
233 144 153
234 192 123
235 632 508
236 650 447
237 633 527
238 745 471
239 691 535
240 621 415
241 692 483
242 665 587
243 764 552
244 685 498
245 632 472
246 761 540
247 600 577
248 603 581
249 728 582
250 735 534
251 618 471
252 698 412
253 767 432
254 678 501
255 627 561
256 601 532
257 692 412
258 668 578
259 794 516
260 642 492
261 768 594
262 790 560
263 746 510
264 647 456
265 723 564
266 742 508
267 799 486
268 797 421
269 784 452
270 619 531
271 674 584
272 670 471
273 670 429
274 648 587
275 708 425
276 787 412
277 739 443
278 766 424
279 680 537
280 665 457
281 785 421
282 777 463
283 618 493
284 732 405
285 615 446
286 793 541
287 696 510
288 617 584
289 723 519
290 689 517
291 662 459
292 747 498
293 776 529
294 768 556
295 720 573
296 741 446
297 787 562
298 746 452
299 607 406
300 653 577
301 697 442
302 772 461
303 631 445
304 715 429
305 625 582
306 700 561
307 648 548
308 794 525
309 674 478
310 686 488
311 724 575
312 684 442
313 705 546
314 754 534
315 764 565
316 776 516
317 665 512
318 619 419
319 686 485
320 667 531
321 613 539
322 731 538
323 672 580
324 798 438
325 767 420
326 777 528
327 720 564
328 653 521
329 757 530
330 756 484
331 690 581
332 664 460
333 605 583
334 695 535
335 729 575
336 639 588
337 610 555
338 674 584
339 644 546
340 769 525
341 748 516
342 766 543
343 787 447
344 796 501
345 659 497
346 661 556
347 729 582
348 640 432
349 675 470
350 732 488
351 684 462
352 709 592
353 781 589
354 718 564
355 689 468
356 677 410
357 760 430
358 736 574
359 615 520
360 673 557
361 787 594
362 676 431
363 713 482
364 659 428
365 714 442
366 709 573
367 614 480
368 640 485
369 606 574
370 762 598
371 729 431
372 611 590
373 620 450
374 795 499
375 646 465
376 617 554
377 797 575
378 701 490
379 785 478
380 679 499
381 730 490
382 649 446
383 759 503
384 796 480
385 789 451
386 767 440
387 758 475
388 627 555
389 782 486
390 610 462
391 686 559
392 781 449
393 625 555
394 776 438
395 778 550
396 699 528
397 695 463
398 668 439
399 781 564
400 630 516
401 654 515
402 709 594
403 697 576
404 796 521
405 747 546
406 708 499
407 667 416
408 612 570
409 708 400
410 621 404
411 726 557
412 701 439
413 751 438
414 745 495
415 607 587
416 773 417
417 655 494
418 608 571
419 650 586
420 751 449
421 759 455
422 691 431
423 642 400
424 661 478
425 651 497
426 731 581
427 743 426
428 790 496
429 613 470
430 642 458
431 631 500
432 714 559
433 773 490
434 643 573
435 608 440
436 719 521
437 649 571
438 645 471
439 666 469
440 796 551
441 777 466
442 643 509
443 656 592
444 673 429
445 703 511
446 757 579
447 743 492
448 617 458
449 740 531
450 658 551
451 756 488
452 669 410
453 777 410
454 731 572
455 781 519
456 629 543
457 673 491
458 681 564
459 657 404
460 703 581
461 617 414
462 669 497
463 682 540
464 777 556
465 754 587
466 730 535
467 611 444
468 795 488
469 796 433
470 657 185
471 300 405
472 238 738
473 409 56
474 529 211
475 53 212
476 4 543
477 137 307
478 674 569
479 95 691
480 639 150
481 162 699
482 90 777
483 943 376
484 661 116
485 480 771
486 839 95
487 367 229
488 606 462
489 833 339
490 75 274
491 172 498
492 731 403
493 931 777
494 540 537
495 549 211
496 348 95
497 527 375
498 68 340
499 416 213
500 979 751
501 409 306
502 783 71
503 425 708
504 312 680
505 778 76
506 877 536
507 788 237
508 15 431
509 143 468
510 40 777
511 930 791
512 595 173
513 615 575
514 592 718
515 218 145
516 161 453
517 444 109
518 932 630
519 839 513
520 78 36
521 659 552
522 894 363
523 386 542
524 331 184
525 453 423
526 282 664
527 226 5
528 8 336
529 788 453
530 473 564
531 292 331
532 632 477
533 934 248
534 226 521
535 363 181
536 699 400
537 507 795
538 312 192
539 94 112
540 830 749
541 388 289
542 444 550
543 899 264
544 341 350
545 127 409
546 0 218
547 168 297
548 752 196
549 57 238
550 519 60
551 451 544
552 866 181
553 830 625
554 323 185
555 694 614
556 326 517
557 736 429
558 318 744
559 969 755
560 697 482
561 968 630
562 523 681
563 226 340
564 332 108
565 241 53
566 182 637
567 621 603
568 485 566
569 495 174
570 857 94
571 7 88
572 743 287
573 186 282
574 535 505
575 54 657
576 275 90
577 600 733
578 107 530
579 156 11
580 999 323
581 449 150
582 989 501
583 585 423
584 25 786
585 51 488
586 435 600
587 86 463
588 595 687
589 44 131
590 665 698
591 890 559
592 81 335
593 791 55
594 196 563
595 646 657
596 551 384
597 218 361
598 668 656
599 120 93
600 774 525
601 327 442
602 581 355
603 387 419
604 26 16
605 321 198
606 618 794
607 348 100
608 514 599
609 106 455
610 835 413
611 331 256
612 335 183
613 58 763
614 532 507
615 910 620
616 738 742
617 389 6
618 546 269
619 118 509
620 32 213
621 42 140
622 383 318
623 202 447
624 132 74
625 937 735
626 713 440
627 281 206
628 325 4
629 217 281
630 385 346
631 992 313
632 109 436
633 510 552
634 602 272
635 579 141
636 630 375
637 536 454
638 474 124
639 937 750
640 26 399
641 821 351
642 696 793
643 62 149
644 647 105
645 683 432
646 119 613
647 251 479
648 274 519
649 66 670
650 888 410
651 956 633
652 513 608
653 288 194
654 14 570
655 783 135
656 68 223
657 325 708
658 611 442
659 696 94
660 483 258
661 42 376
662 657 31
663 57 691
664 218 749
665 293 660
666 89 79
667 49 411
668 543 23
669 926 748
670 703 654
671 173 747
672 348 410
673 471 672
674 441 292
675 987 577
676 953 758
677 354 452
678 469 388
679 134 378
680 702 339
681 25 61
682 419 766
683 80 774
684 230 648
685 342 465
686 626 608
687 413 532
688 150 86
689 122 114
690 567 174
691 421 682
692 949 457
693 871 112
694 745 387
695 44 46
696 894 362
697 233 223
698 793 77
699 515 312
700 433 402
701 609 504
702 23 324
703 95 154
704 534 551
705 415 288
706 362 792
707 905 388
708 2 137
709 127 678
710 86 751
711 222 596
712 767 226
713 687 139
714 526 107
715 871 42
716 593 584
717 710 51
718 607 632
719 829 435
720 476 542
721 606 45
722 69 546
723 695 722
724 546 598
725 277 497
726 969 533
727 304 394
728 280 691
729 863 592
730 717 737
731 666 320
732 817 289
733 767 505
734 280 673
735 877 169
736 342 466
737 371 326
738 333 133
739 676 67
740 587 627
741 627 623
742 857 200
743 84 741
744 426 173
745 784 594
746 927 71
747 826 443
748 11 164
749 239 566
750 915 51
751 622 564
752 870 52
753 278 308
754 295 717
755 159 91
756 187 623
757 152 746
758 294 710
759 543 453
760 276 672
761 205 50
762 57 107
763 283 202
764 756 654
765 396 102
766 926 774
767 168 418
768 161 737
769 908 632
770 971 558
771 630 424
772 57 536
773 555 117
774 936 714
775 259 99
776 662 537
777 431 59
778 858 447
779 647 589
780 782 19
781 629 382
782 499 25
783 187 175
