1 16 8
2 22 3
3 46 13
4 52 17
5 78 9
6 82 8
7 113 15
8 119 3
9 134 6
10 159 12
11 174 2
12 189 9
13 200 18
14 217 13
15 231 15
16 256 10
17 272 6
18 274 3
19 302 9
20 311 10
21 329 2
22 344 12
23 362 15
24 382 4
25 386 2
26 412 12
27 424 11
28 443 16
29 462 16
30 477 15
31 485 10
32 507 18
33 523 11
34 539 12
35 558 5
36 568 16
37 594 6
38 597 13
39 621 2
40 641 12
41 645 7
42 669 7
43 676 6
44 691 7
45 718 5
46 728 16
47 751 10
48 758 17
49 778 8
50 787 18
51 806 4
52 824 15
53 845 15
54 860 3
55 871 16
56 885 14
57 914 2
58 923 17
59 944 5
60 959 7
61 969 5
62 993 11
63 999 10
64 999 10
65 999 6
66 999 6
67 999 18
68 999 3
69 999 16
70 999 8
71 999 2
72 999 16
73 999 13
74 999 14
75 999 8
76 999 6
77 11 28
78 26 15
79 37 28
80 66 17
81 78 17
82 83 15
83 108 31
84 127 15
85 141 23
86 162 31
87 170 21
88 189 22
89 197 15
90 220 17
91 236 20
92 251 25
93 260 31
94 285 17
95 297 20
96 320 17
97 337 24
98 349 23
99 369 31
100 374 15
101 401 29
102 403 22
103 425 17
104 446 17
105 451 16
106 480 18
107 485 28
108 506 21
109 523 23
110 545 26
111 550 25
112 572 20
113 588 28
114 595 31
115 622 17
116 634 19
117 655 24
118 662 27
119 678 17
120 692 15
121 709 23
122 722 20
123 746 26
124 769 16
125 770 20
126 801 21
127 802 24
128 830 19
129 838 27
130 863 25
131 867 28
132 889 31
133 907 24
134 921 25
135 938 28
136 947 22
137 968 29
138 986 28
139 999 19
140 999 31
141 999 31
142 999 21
143 999 17
144 999 18
145 999 31
146 999 24
147 999 23
148 999 22
149 999 16
150 999 30
151 999 20
152 999 19
153 5 36
154 18 31
155 35 44
156 62 44
157 81 41
158 94 30
159 112 29
160 126 35
161 136 31
162 159 36
163 166 37
164 179 42
165 209 29
166 222 35
167 235 43
168 254 37
169 263 39
170 277 40
171 291 28
172 308 42
173 326 36
174 349 37
175 367 41
176 379 44
177 391 33
178 411 28
179 426 29
180 450 38
181 456 31
182 470 44
183 486 32
184 505 44
185 514 31
186 543 31
187 560 28
188 567 33
189 578 43
190 598 41
191 625 37
192 627 30
193 650 40
194 660 31
195 680 40
196 690 32
197 717 37
198 727 43
199 751 30
200 764 44
201 770 39
202 794 37
203 802 34
204 819 32
205 850 31
206 866 37
207 880 31
208 894 42
209 900 30
210 921 36
211 932 32
212 956 33
213 964 36
214 986 33
215 999 35
216 999 42
217 999 32
218 999 32
219 999 36
220 999 30
221 999 42
222 999 30
223 999 35
224 999 36
225 999 36
226 999 38
227 999 29
228 999 41
229 2 43
230 25 49
231 48 54
232 59 50
233 77 42
234 86 50
235 104 49
236 127 52
237 130 46
238 160 46
239 162 49
240 187 52
241 195 41
242 218 45
243 237 56
244 244 45
245 265 41
246 277 56
247 290 51
248 310 55
249 326 52
250 346 52
251 357 56
252 371 47
253 397 42
254 412 47
255 421 50
256 446 50
257 460 54
258 473 55
259 487 46
260 513 53
261 529 41
262 531 47
263 550 55
264 573 48
265 578 41
266 594 46
267 626 55
268 633 44
269 657 42
270 667 50
271 679 54
272 690 56
273 710 51
274 726 45
275 741 48
276 762 57
277 782 54
278 798 44
279 815 52
280 819 55
281 841 44
282 856 44
283 874 47
284 891 53
285 903 44
286 929 44
287 943 46
288 952 43
289 978 44
290 980 52
291 999 47
292 999 51
293 999 42
294 999 44
295 999 45
296 999 44
297 999 53
298 999 43
299 999 55
300 999 55
301 999 49
302 999 57
303 999 45
304 999 47
305 8 64
306 21 63
307 43 61
308 53 54
309 82 66
310 93 61
311 111 60
312 124 54
313 143 65
314 149 54
315 166 58
316 189 56
317 207 59
318 220 55
319 234 58
320 243 58
321 273 57
322 287 62
323 291 68
324 317 64
325 330 55
326 340 65
327 357 70
328 370 65
329 401 68
330 404 67
331 419 56
332 436 56
333 465 54
334 478 58
335 495 56
336 507 66
337 525 61
338 538 64
339 555 55
340 578 70
341 578 64
342 603 56
343 611 54
344 642 68
345 646 70
346 661 64
347 675 58
348 692 67
349 706 65
350 732 54
351 739 61
352 767 60
353 779 61
354 802 67
355 810 60
356 819 67
357 848 56
358 863 62
359 875 70
360 883 68
361 899 69
362 930 67
363 945 69
364 956 61
365 966 66
366 988 69
367 999 70
368 999 63
369 999 57
370 999 64
371 999 57
372 999 69
373 999 61
374 999 70
375 999 64
376 999 54
377 999 66
378 999 57
379 999 54
380 999 64
381 16 76
382 26 79
383 47 70
384 54 82
385 70 70
386 94 73
387 103 74
388 128 81
389 139 68
390 162 75
391 164 78
392 194 78
393 202 76
394 215 80
395 226 78
396 244 80
397 270 67
398 286 75
399 302 77
400 308 78
401 325 81
402 349 70
403 369 81
404 381 69
405 401 67
406 412 73
407 418 83
408 441 70
409 459 81
410 470 70
411 497 75
412 512 77
413 515 83
414 540 72
415 558 72
416 564 83
417 594 72
418 599 72
419 610 79
420 638 77
421 657 69
422 672 83
423 674 79
424 702 80
425 715 76
426 737 81
427 743 83
428 766 78
429 786 67
430 788 82
431 806 72
432 824 76
433 849 78
434 857 79
435 877 69
436 885 81
437 899 78
438 918 79
439 940 81
440 955 73
441 966 80
442 991 70
443 999 71
444 999 67
445 999 77
446 999 83
447 999 81
448 999 76
449 999 72
450 999 73
451 999 83
452 999 73
453 999 68
454 999 78
455 999 83
456 999 69
457 9 92
458 29 88
459 43 83
460 52 90
461 66 87
462 85 80
463 112 83
464 117 84
465 135 92
466 162 84
467 174 83
468 179 85
469 204 86
470 224 85
471 234 96
472 247 89
473 266 82
474 282 94
475 292 94
476 322 88
477 325 88
478 343 94
479 366 81
480 379 81
481 400 89
482 408 96
483 434 93
484 440 84
485 461 86
486 480 83
487 488 93
488 499 80
489 516 90
490 539 91
491 558 86
492 563 87
493 590 88
494 595 83
495 624 84
496 635 89
497 656 92
498 666 96
499 684 86
500 700 91
501 719 84
502 725 93
503 754 93
504 756 86
505 777 85
506 798 82
507 811 94
508 824 88
509 841 95
510 854 88
511 878 82
512 888 86
513 911 85
514 919 90
515 935 82
516 953 92
517 962 94
518 993 88
519 996 85
520 999 95
521 999 92
522 999 89
523 999 86
524 999 96
525 999 96
526 999 92
527 999 81
528 999 91
529 999 94
530 999 91
531 999 88
532 999 84
533 17 109
534 20 104
535 50 108
536 55 95
537 73 98
538 84 93
539 103 107
540 127 99
541 134 99
542 150 98
543 172 104
544 188 108
545 208 97
546 220 98
547 231 105
548 249 107
549 269 102
550 285 103
551 294 98
552 306 100
553 333 99
554 342 106
555 369 109
556 375 109
557 386 102
558 409 94
559 421 105
560 444 96
561 455 96
562 480 105
563 486 109
564 512 104
565 528 98
566 535 106
567 549 96
568 563 109
569 583 106
570 604 97
571 616 107
572 626 108
573 657 103
574 663 105
575 679 99
576 700 108
577 721 101
578 726 94
579 746 98
580 757 105
581 778 103
582 801 102
583 812 102
584 831 107
585 841 100
586 862 99
587 867 98
588 895 101
589 900 109
590 927 103
591 940 94
592 951 101
593 973 100
594 992 104
595 999 93
596 999 93
597 999 108
598 999 106
599 999 100
600 999 99
601 999 101
602 999 108
603 999 97
604 999 102
605 999 106
606 999 102
607 999 102
608 999 100
609 6 113
610 33 109
611 45 107
612 65 113
613 82 117
614 95 109
615 107 106
616 123 118
617 141 113
618 159 108
619 175 113
620 192 113
621 204 110
622 210 107
623 227 122
624 251 106
625 271 111
626 282 114
627 299 107
628 317 117
629 331 120
630 353 122
631 361 116
632 370 117
633 390 109
634 416 107
635 431 122
636 444 120
637 460 113
638 475 113
639 483 120
640 504 106
641 516 119
642 536 110
643 555 107
644 565 116
645 590 107
646 603 122
647 618 121
648 642 106
649 646 112
650 672 121
651 675 113
652 693 120
653 718 116
654 736 107
655 746 110
656 764 118
657 778 121
658 799 117
659 806 119
660 820 109
661 850 110
662 856 117
663 872 116
664 887 118
665 906 115
666 916 118
667 930 113
668 961 117
669 971 114
670 987 121
671 997 108
672 999 113
673 999 120
674 999 116
675 999 111
676 999 114
677 999 117
678 999 120
679 999 115
680 999 107
681 999 108
682 999 122
683 999 121
684 999 106
685 2 120
686 20 131
687 38 123
688 66 133
689 68 135
690 85 128
691 99 131
692 124 121
693 143 130
694 154 125
695 171 119
696 188 135
697 195 126
698 219 120
699 234 120
700 247 129
701 259 127
702 283 119
703 293 119
704 310 119
705 333 119
706 349 121
707 360 133
708 386 128
709 394 126
710 405 126
711 425 124
712 442 135
713 457 121
714 477 132
715 493 134
716 503 120
717 525 129
718 538 129
719 548 129
720 578 132
721 585 126
722 605 127
723 616 127
724 636 122
725 649 135
726 667 120
727 689 133
728 692 131
729 706 129
730 731 119
731 743 126
732 759 132
733 781 129
734 793 131
735 808 125
736 825 134
737 842 125
738 850 135
739 877 135
740 892 135
741 906 126
742 919 130
743 935 123
744 948 132
745 969 131
746 987 128
747 994 134
748 999 135
749 999 134
750 999 131
751 999 133
752 999 120
753 999 129
754 999 128
755 999 122
756 999 119
757 999 129
758 999 134
759 999 130
760 999 126
761 10 143
762 23 143
763 47 146
764 65 141
765 82 133
766 95 145
767 100 146
768 129 142
769 140 136
770 148 144
771 173 142
772 178 135
773 204 140
774 219 139
775 232 141
776 256 140
777 265 138
778 278 138
779 299 134
780 310 143
781 334 148
782 348 144
783 360 137
784 385 134
785 397 147
786 406 146
787 427 144
788 446 147
789 460 134
790 466 136
791 487 140
792 501 138
793 517 137
794 536 145
795 556 140
796 563 139
797 578 139
798 610 143
799 610 137
800 639 137
801 652 138
802 670 139
803 678 132
804 705 143
805 717 138
806 735 138
807 740 148
808 759 136
809 783 135
810 794 133
811 818 133
812 827 135
813 847 145
814 864 133
815 878 132
816 896 137
817 903 144
818 925 147
819 943 145
820 947 135
821 968 143
822 979 135
823 999 144
824 999 132
825 999 144
826 999 145
827 999 144
828 999 140
829 999 141
830 999 139
831 999 146
832 999 143
833 999 140
834 999 139
835 999 138
836 999 132
837 3 149
838 29 149
839 34 150
840 57 146
841 74 158
842 82 145
843 99 146
844 121 155
845 135 147
846 147 148
847 163 155
848 194 154
849 206 152
850 222 149
851 237 160
852 253 156
853 262 160
854 285 154
855 291 146
856 314 153
857 323 154
858 354 151
859 367 160
860 379 152
861 386 152
862 403 148
863 423 149
864 449 153
865 455 146
866 474 154
867 492 147
868 505 155
869 515 151
870 543 147
871 552 160
872 571 148
873 588 154
874 596 153
875 621 155
876 638 159
877 656 150
878 662 148
879 687 153
880 696 161
881 706 148
882 726 161
883 748 160
884 769 161
885 772 150
886 790 152
887 803 152
888 818 146
889 849 159
890 859 157
891 868 151
892 895 157
893 903 156
894 926 150
895 944 148
896 959 155
897 978 158
898 980 148
899 999 154
900 999 157
901 999 147
902 999 150
903 999 150
904 999 152
905 999 148
906 999 161
907 999 155
908 999 156
909 999 154
910 999 161
911 999 155
912 999 160
913 11 169
914 25 163
915 39 171
916 56 164
917 70 172
918 82 174
919 98 166
920 120 158
921 145 163
922 146 169
923 178 172
924 189 164
925 209 166
926 223 160
927 241 169
928 250 159
929 258 165
930 287 168
931 304 165
932 308 166
933 335 173
934 349 159
935 363 173
936 381 173
937 388 168
938 402 172
939 427 165
940 450 169
941 466 159
942 472 171
943 498 162
944 505 167
945 519 174
946 545 167
947 557 171
948 565 165
949 581 166
950 609 159
951 612 168
952 639 158
953 656 173
954 658 163
955 684 169
956 698 168
957 713 160
958 732 171
959 738 163
960 762 167
961 777 160
962 798 168
963 818 159
964 822 163
965 840 167
966 861 159
967 874 173
968 890 164
969 902 164
970 930 159
971 933 159
972 962 169
973 969 162
974 979 167
975 996 165
976 999 173
977 999 163
978 999 158
979 999 161
980 999 170
981 999 169
982 999 158
983 999 165
984 999 167
985 999 162
986 999 169
987 999 165
988 999 163
989 4 172
990 20 182
991 50 182
992 53 187
993 68 184
994 83 174
995 103 179
996 122 171
997 135 174
998 153 180
999 165 186
1000 189 171
1001 196 180
1002 226 186
1003 241 183
1004 251 180
1005 274 175
1006 288 184
1007 291 177
1008 319 187
1009 330 187
1010 352 173
1011 359 186
1012 374 173
1013 398 178
1014 408 172
1015 418 184
1016 436 175
1017 456 173
1018 475 178
1019 494 176
1020 499 178
1021 518 180
1022 533 171
1023 556 183
1024 578 186
1025 585 178
1026 594 175
1027 610 179
1028 637 174
1029 646 184
1030 661 178
1031 679 179
1032 698 174
1033 708 181
1034 728 187
1035 751 176
1036 757 174
1037 784 178
1038 801 184
1039 814 174
1040 826 187
1041 842 178
1042 860 180
1043 879 186
1044 885 185
1045 905 176
1046 916 186
1047 932 181
1048 947 183
1049 962 171
1050 993 187
1051 999 171
1052 999 173
1053 999 185
1054 999 181
1055 999 185
1056 999 172
1057 999 174
1058 999 186
1059 999 186
1060 999 174
1061 999 179
1062 999 179
1063 999 175
1064 999 175
1065 8 186
1066 30 196
1067 39 193
1068 60 192
1069 71 192
1070 87 199
1071 106 194
1072 118 193
1073 144 185
1074 156 199
1075 173 186
1076 193 185
1077 203 195
1078 218 198
1079 234 194
1080 258 200
1081 271 185
1082 277 191
1083 291 196
1084 318 197
1085 332 191
1086 347 189
1087 364 192
1088 381 198
1089 390 199
1090 413 185
1091 429 186
1092 444 187
1093 454 194
1094 468 194
1095 482 196
1096 514 196
1097 523 190
1098 532 191
1099 552 198
1100 570 185
1101 583 198
1102 598 187
1103 620 193
1104 634 185
1105 658 195
1106 668 194
1107 690 198
1108 694 194
1109 714 200
1110 724 192
1111 747 186
1112 766 198
1113 778 198
1114 799 187
1115 808 188
1116 826 191
1117 841 193
1118 862 198
1119 881 190
1120 892 195
1121 899 185
1122 924 189
1123 932 190
1124 958 195
1125 963 192
1126 993 190
1127 999 184
1128 999 187
1129 999 190
1130 999 196
1131 999 189
1132 999 195
1133 999 186
1134 999 191
1135 999 191
1136 999 185
1137 999 191
1138 999 192
1139 999 191
1140 999 185
1141 3 198
1142 19 211
1143 40 198
1144 62 204
1145 66 206
1146 94 205
1147 109 211
1148 129 210
1149 136 212
1150 148 213
1151 165 202
1152 187 208
1153 207 210
1154 226 200
1155 236 197
1156 253 208
1157 269 207
1158 285 208
1159 293 211
1160 311 198
1161 329 209
1162 344 207
1163 365 201
1164 376 206
1165 395 206
1166 403 206
1167 422 209
1168 448 210
1169 459 204
1170 467 206
1171 483 205
1172 511 197
1173 528 198
1174 543 198
1175 549 201
1176 572 206
1177 588 197
1178 603 205
1179 625 213
1180 642 206
1181 649 203
1182 669 198
1183 689 199
1184 696 213
1185 718 211
1186 723 209
1187 750 210
1188 770 212
1189 785 203
1190 798 207
1191 809 202
1192 824 201
1193 850 206
1194 866 200
1195 869 202
1196 896 207
1197 906 206
1198 916 209
1199 944 209
1200 947 209
1201 973 211
1202 983 202
1203 996 211
1204 999 211
1205 999 207
1206 999 206
1207 999 202
1208 999 198
1209 999 203
1210 999 203
1211 999 200
1212 999 203
1213 999 205
1214 999 200
1215 999 201
1216 999 200
1217 6 210
1218 33 220
1219 50 211
1220 52 212
1221 78 211
1222 84 220
1223 110 215
1224 120 212
1225 138 210
1226 157 217
1227 172 222
1228 187 218
1229 195 226
1230 215 221
1231 235 220
1232 245 223
1233 266 217
1234 278 213
1235 296 217
1236 308 226
1237 326 226
1238 348 210
1239 354 212
1240 381 221
1241 387 211
1242 414 220
1243 427 220
1244 444 219
1245 457 217
1246 474 210
1247 494 218
1248 507 212
1249 529 215
1250 531 214
1251 546 213
1252 575 210
1253 592 222
1254 597 220
1255 611 218
1256 633 226
1257 646 220
1258 667 217
1259 689 219
1260 693 224
1261 719 221
1262 734 226
1263 754 212
1264 757 222
1265 777 218
1266 788 222
1267 802 216
1268 828 224
1269 839 221
1270 862 224
1271 872 210
1272 889 226
1273 914 218
1274 926 212
1275 945 211
1276 950 215
1277 964 214
1278 986 216
1279 999 223
1280 999 222
1281 999 217
1282 999 220
1283 999 222
1284 999 225
1285 999 222
1286 999 213
1287 999 216
1288 999 223
1289 999 223
1290 999 217
1291 999 211
1292 999 215
1293 5 236
1294 28 236
1295 49 227
1296 55 231
1297 76 223
1298 87 238
1299 112 236
1300 123 227
1301 139 237
1302 148 225
1303 178 224
1304 186 235
1305 207 234
1306 212 235
1307 240 234
1308 247 230
1309 268 237
1310 280 232
1311 292 226
1312 322 234
1313 328 233
1314 347 236
1315 355 232
1316 386 230
1317 389 235
1318 416 232
1319 433 234
1320 439 225
1321 454 237
1322 482 227
1323 484 233
1324 509 239
1325 526 237
1326 535 239
1327 553 239
1328 564 229
1329 592 230
1330 607 229
1331 618 235
1332 637 227
1333 653 235
1334 666 225
1335 687 235
1336 699 238
1337 715 226
1338 726 227
1339 741 235
1340 762 236
1341 785 232
1342 786 227
1343 805 223
1344 834 226
1345 843 231
1346 861 231
1347 881 238
1348 893 232
1349 900 235
1350 924 230
1351 931 232
1352 949 239
1353 966 230
1354 984 226
1355 999 237
1356 999 225
1357 999 223
1358 999 238
1359 999 230
1360 999 233
1361 999 228
1362 999 228
1363 999 224
1364 999 233
1365 999 235
1366 999 230
1367 999 224
1368 999 228
1369 8 236
1370 34 249
1371 45 249
1372 58 248
1373 71 244
1374 91 250
1375 105 248
1376 127 248
1377 142 252
1378 158 249
1379 162 250
1380 193 239
1381 201 248
1382 220 252
1383 238 248
1384 242 250
1385 263 238
1386 283 247
1387 297 240
1388 322 251
1389 335 249
1390 338 245
1391 362 238
1392 373 249
1393 401 242
1394 414 238
1395 423 251
1396 439 244
1397 451 248
1398 471 251
1399 484 245
1400 498 245
1401 522 247
1402 538 240
1403 549 238
1404 566 243
1405 594 250
1406 610 239
1407 624 242
1408 637 241
1409 650 250
1410 658 242
1411 674 250
1412 698 243
1413 719 236
1414 731 248
1415 753 237
1416 766 239
1417 783 243
1418 786 250
1419 812 252
1420 828 249
1421 835 240
1422 853 244
1423 881 238
1424 892 247
1425 898 236
1426 920 241
1427 939 247
1428 954 246
1429 965 237
1430 985 239
1431 999 245
1432 999 251
1433 999 248
1434 999 243
1435 999 250
1436 999 245
1437 999 239
1438 999 249
1439 999 236
1440 999 247
1441 999 250
1442 999 250
1443 999 242
1444 999 237
1445 17 256
1446 28 258
1447 42 255
1448 53 257
1449 77 253
1450 89 251
1451 109 252
1452 119 252
1453 135 262
1454 147 254
1455 168 261
1456 193 251
1457 202 262
1458 223 261
1459 241 260
1460 245 260
1461 259 254
1462 282 264
1463 293 252
1464 307 263
1465 322 262
1466 339 255
1467 363 255
1468 386 251
1469 395 257
1470 411 263
1471 423 254
1472 446 252
1473 458 257
1474 466 260
1475 492 257
1476 508 249
1477 515 262
1478 530 255
1479 558 255
1480 578 251
1481 590 253
1482 599 259
1483 620 258
1484 636 250
1485 655 259
1486 661 256
1487 676 254
1488 696 261
1489 716 253
1490 729 261
1491 740 255
1492 758 258
1493 772 250
1494 791 262
1495 808 259
1496 825 251
1497 843 255
1498 852 249
1499 866 250
1500 892 265
1501 912 264
1502 928 265
1503 935 252
1504 960 261
1505 968 254
1506 990 257
1507 999 252
1508 999 254
1509 999 262
1510 999 257
1511 999 262
1512 999 252
1513 999 250
1514 999 261
1515 999 254
1516 999 257
1517 999 256
1518 999 253
1519 999 254
1520 999 265
1521 6 271
1522 24 263
1523 49 278
1524 52 267
1525 72 276
1526 82 266
1527 109 264
1528 126 263
1529 132 273
1530 158 266
1531 167 263
1532 187 263
1533 203 265
1534 224 271
1535 231 274
1536 255 274
1537 267 269
1538 278 273
1539 296 273
1540 311 265
1541 337 271
1542 344 268
1543 359 270
1544 384 270
1545 397 275
1546 403 276
1547 427 278
1548 445 264
1549 450 267
1550 474 273
1551 484 271
1552 498 273
1553 514 267
1554 542 265
1555 561 263
1556 573 269
1557 584 270
1558 599 274
1559 622 265
1560 639 263
1561 648 268
1562 672 270
1563 684 277
1564 693 271
1565 718 263
1566 732 263
1567 741 272
1568 755 268
1569 779 274
1570 791 278
1571 815 272
1572 827 272
1573 835 272
1574 857 262
1575 877 278
1576 888 276
1577 906 269
1578 918 275
1579 942 270
1580 946 263
1581 963 264
1582 985 275
1583 999 272
1584 999 274
1585 999 278
1586 999 262
1587 999 275
1588 999 274
1589 999 266
1590 999 262
1591 999 264
1592 999 275
1593 999 275
1594 999 275
1595 999 267
1596 999 263
1597 13 278
1598 32 285
1599 36 288
1600 52 282
1601 71 286
1602 91 287
1603 110 281
1604 130 287
1605 131 283
1606 146 283
1607 162 291
1608 188 291
1609 199 285
1610 212 285
1611 227 283
1612 249 276
1613 263 277
1614 279 286
1615 305 286
1616 316 275
1617 323 291
1618 349 288
1619 363 276
1620 371 280
1621 400 288
1622 413 288
1623 423 277
1624 434 287
1625 460 290
1626 470 283
1627 492 284
1628 503 289
1629 518 283
1630 537 285
1631 546 280
1632 575 281
1633 593 275
1634 601 275
1635 615 289
1636 632 278
1637 651 289
1638 670 280
1639 688 285
1640 703 278
1641 707 285
1642 722 291
1643 744 276
1644 760 283
1645 780 289
1646 794 276
1647 813 282
1648 822 284
1649 850 279
1650 865 280
1651 877 291
1652 889 287
1653 907 276
1654 929 288
1655 943 275
1656 946 286
1657 973 278
1658 986 282
1659 998 289
1660 999 288
1661 999 290
1662 999 283
1663 999 279
1664 999 277
1665 999 278
1666 999 284
1667 999 282
1668 999 276
1669 999 280
1670 999 280
1671 999 284
1672 999 285
1673 15 301
1674 24 296
1675 49 301
1676 55 290
1677 70 289
1678 93 301
1679 107 303
1680 120 292
1681 139 301
1682 150 298
1683 174 295
1684 194 291
1685 205 295
1686 214 304
1687 233 299
1688 253 289
1689 261 301
1690 285 296
1691 304 288
1692 309 301
1693 337 290
1694 343 298
1695 367 300
1696 378 292
1697 401 290
1698 414 294
1699 423 290
1700 448 294
1701 464 290
1702 479 296
1703 491 294
1704 510 297
1705 521 298
1706 540 301
1707 550 303
1708 568 296
1709 588 296
1710 606 298
1711 612 293
1712 633 304
1713 657 304
1714 658 292
1715 689 293
1716 703 288
1717 722 293
1718 733 300
1719 742 299
1720 757 296
1721 777 300
1722 789 291
1723 803 300
1724 818 288
1725 846 292
1726 862 302
1727 872 292
1728 885 296
1729 910 301
1730 924 297
1731 935 295
1732 957 290
1733 976 297
1734 991 304
1735 997 299
1736 999 304
1737 999 291
1738 999 294
1739 999 292
1740 999 290
1741 999 288
1742 999 299
1743 999 303
1744 999 299
1745 999 291
1746 999 295
1747 999 299
1748 999 304
1749 3 302
1750 24 310
1751 49 301
1752 63 301
1753 66 314
1754 91 304
1755 99 314
1756 119 308
1757 145 309
1758 155 306
1759 177 301
1760 187 316
1761 209 302
1762 224 301
1763 237 314
1764 257 311
1765 258 304
1766 279 301
1767 305 306
1768 309 316
1769 325 309
1770 349 314
1771 360 308
1772 380 305
1773 400 310
1774 410 310
1775 419 316
1776 434 301
1777 459 308
1778 476 315
1779 485 314
1780 504 304
1781 528 317
1782 533 315
1783 553 305
1784 570 311
1785 582 311
1786 595 307
1787 616 313
1788 635 308
1789 650 310
1790 660 302
1791 678 306
1792 698 303
1793 709 305
1794 730 308
1795 749 307
1796 766 307
1797 772 308
1798 801 307
1799 806 314
1800 831 310
1801 835 316
1802 854 308
1803 879 312
1804 893 314
1805 913 304
1806 919 311
1807 940 305
1808 962 309
1809 969 302
1810 989 304
1811 999 301
1812 999 316
1813 999 312
1814 999 316
1815 999 303
1816 999 312
1817 999 311
1818 999 307
1819 999 302
1820 999 309
1821 999 313
1822 999 309
1823 999 302
1824 999 316
1825 10 320
1826 33 317
1827 35 324
1828 63 314
1829 82 319
1830 91 316
1831 105 327
1832 130 326
1833 146 324
1834 160 314
1835 165 324
1836 185 320
1837 206 316
1838 220 314
1839 234 321
1840 257 327
1841 273 319
1842 281 321
1843 294 330
1844 316 316
1845 335 314
1846 345 326
1847 363 316
1848 370 327
1849 399 327
1850 410 320
1851 421 326
1852 445 329
1853 466 323
1854 473 330
1855 482 327
1856 506 322
1857 521 326
1858 534 316
1859 551 322
1860 570 314
1861 578 326
1862 598 317
1863 612 325
1864 640 324
1865 643 327
1866 661 326
1867 690 322
1868 699 317
1869 716 323
1870 729 325
1871 746 324
1872 755 314
1873 779 330
1874 790 327
1875 817 329
1876 826 318
1877 838 321
1878 855 322
1879 874 322
1880 894 318
1881 910 328
1882 928 318
1883 939 326
1884 954 330
1885 965 315
1886 986 327
1887 995 328
1888 999 320
1889 999 317
1890 999 317
1891 999 314
1892 999 317
1893 999 330
1894 999 322
1895 999 315
1896 999 315
1897 999 316
1898 999 325
1899 999 328
1900 999 327
1901 9 332
1902 28 341
1903 40 338
1904 53 334
1905 82 342
1906 95 331
1907 112 335
1908 128 338
1909 132 338
1910 161 336
1911 166 327
1912 191 328
1913 200 334
1914 225 342
1915 241 340
1916 252 341
1917 269 341
1918 287 328
1919 297 341
1920 319 337
1921 335 327
1922 346 331
1923 358 334
1924 373 332
1925 391 331
1926 411 329
1927 433 342
1928 442 333
1929 459 335
1930 474 343
1931 495 331
1932 507 329
1933 519 343
1934 540 327
1935 558 339
1936 566 331
1937 592 332
1938 607 331
1939 618 335
1940 640 342
1941 645 336
1942 667 337
1943 678 334
1944 706 339
1945 712 333
1946 731 343
1947 744 340
1948 768 335
1949 778 332
1950 802 332
1951 815 330
1952 828 336
1953 834 331
1954 854 336
1955 868 331
1956 897 327
1957 908 336
1958 927 330
1959 941 342
1960 961 341
1961 962 341
1962 989 332
1963 997 331
1964 999 327
1965 999 331
1966 999 329
1967 999 335
1968 999 343
1969 999 327
1970 999 343
1971 999 333
1972 999 328
1973 999 336
1974 999 340
1975 999 337
1976 999 337
1977 9 341
1978 23 356
1979 43 345
1980 56 352
1981 71 344
1982 83 355
1983 106 353
1984 121 342
1985 137 353
1986 150 351
1987 167 355
1988 189 350
1989 198 349
1990 224 351
1991 242 341
1992 258 354
1993 265 342
1994 286 347
1995 293 342
1996 313 350
1997 333 354
1998 348 355
1999 358 351
2000 380 352
2001 387 343
2002 408 344
2003 424 342
2004 439 348
2005 457 351
2006 477 340
2007 489 351
2008 511 344
2009 518 344
2010 537 346
2011 546 356
2012 577 344
2013 584 350
2014 594 347
2015 615 352
2016 632 349
2017 657 342
2018 667 352
2019 686 352
2020 697 345
2021 720 343
2022 722 349
2023 745 346
2024 756 356
2025 771 346
2026 797 340
2027 806 344
2028 829 341
2029 839 341
2030 864 353
2031 868 354
2032 885 351
2033 903 342
2034 915 345
2035 932 340
2036 954 348
2037 975 342
2038 986 354
2039 999 346
2040 999 356
2041 999 341
2042 999 355
2043 999 345
2044 999 351
2045 999 348
2046 999 350
2047 999 351
2048 999 356
2049 999 345
2050 999 345
2051 999 354
2052 999 340
2053 16 355
2054 22 355
2055 46 366
2056 52 368
2057 70 367
2058 87 353
2059 106 357
2060 124 369
2061 143 360
2062 160 363
2063 172 368
2064 188 354
2065 209 362
2066 223 363
2067 228 361
2068 253 362
2069 262 358
2070 274 368
2071 291 356
2072 322 364
2073 328 361
2074 343 353
2075 359 355
2076 378 365
2077 398 357
2078 411 368
2079 418 356
2080 440 369
2081 459 355
2082 469 356
2083 482 361
2084 511 366
2085 517 365
2086 543 355
2087 550 365
2088 576 362
2089 585 355
2090 598 354
2091 619 362
2092 639 366
2093 642 354
2094 672 368
2095 689 366
2096 699 354
2097 722 354
2098 727 369
2099 738 365
2100 765 367
2101 782 361
2102 799 362
2103 807 358
2104 826 353
2105 840 369
2106 857 367
2107 881 358
2108 888 369
2109 904 360
2110 916 368
2111 940 367
2112 960 360
2113 965 365
2114 981 355
2115 999 368
2116 999 365
2117 999 360
2118 999 354
2119 999 356
2120 999 365
2121 999 367
2122 999 369
2123 999 365
2124 999 363
2125 999 358
2126 999 362
2127 999 365
2128 999 367
2129 12 372
2130 24 375
2131 36 371
2132 61 373
2133 73 378
2134 87 373
2135 114 371
2136 118 368
2137 146 373
2138 151 379
2139 167 381
2140 178 374
2141 204 375
2142 218 366
2143 231 382
2144 244 379
2145 262 374
2146 281 371
2147 304 380
2148 315 370
2149 325 367
2150 346 377
2151 360 378
2152 381 372
2153 387 373
2154 412 368
2155 424 372
2156 442 377
2157 456 381
2158 482 375
2159 496 376
2160 500 373
2161 523 375
2162 533 373
2163 560 381
2164 567 367
2165 592 367
2166 604 370
2167 617 372
2168 627 380
2169 656 367
2170 674 380
2171 680 382
2172 697 380
2173 722 378
2174 738 381
2175 753 382
2176 760 375
2177 785 367
2178 787 380
2179 811 369
2180 826 369
2181 836 374
2182 855 370
2183 878 370
2184 886 382
2185 911 367
2186 925 378
2187 940 371
2188 947 376
2189 963 371
2190 986 367
2191 999 372
2192 999 380
2193 999 366
2194 999 372
2195 999 369
2196 999 377
2197 999 378
2198 999 380
2199 999 368
2200 999 378
2201 999 366
2202 999 379
2203 999 377
2204 999 376
2205 18 386
2206 30 382
2207 46 386
2208 55 391
2209 71 386
2210 92 391
2211 113 394
2212 124 388
2213 143 379
2214 149 394
2215 172 383
2216 194 395
2217 197 391
2218 220 393
2219 230 386
2220 251 379
2221 259 391
2222 280 394
2223 298 381
2224 321 381
2225 329 395
2226 347 383
2227 363 385
2228 384 388
2229 392 388
2230 402 383
2231 425 379
2232 450 391
2233 458 392
2234 466 395
2235 495 386
2236 506 394
2237 528 388
2238 540 381
2239 554 391
2240 563 390
2241 579 379
2242 601 390
2243 621 391
2244 633 392
2245 657 379
2246 666 390
2247 680 384
2248 699 380
2249 719 390
2250 728 391
2251 739 395
2252 759 379
2253 777 390
2254 792 395
2255 815 391
2256 818 389
2257 842 385
2258 852 385
2259 876 384
2260 882 391
2261 904 382
2262 914 391
2263 945 392
2264 954 387
2265 978 387
2266 984 393
2267 999 385
2268 999 381
2269 999 386
2270 999 379
2271 999 386
2272 999 382
2273 999 393
2274 999 379
2275 999 381
2276 999 387
2277 999 390
2278 999 394
2279 999 388
2280 999 390
2281 5 406
2282 34 396
2283 39 394
2284 54 394
2285 79 392
2286 93 394
2287 99 392
2288 120 407
2289 133 406
2290 158 393
2291 172 399
2292 183 406
2293 194 407
2294 214 403
2295 226 402
2296 245 394
2297 263 401
2298 288 399
2299 297 403
2300 320 406
2301 331 393
2302 342 394
2303 361 397
2304 376 401
2305 390 399
2306 413 393
2307 432 392
2308 435 405
2309 459 394
2310 469 399
2311 497 402
2312 499 395
2313 527 401
2314 544 400
2315 549 408
2316 570 400
2317 578 407
2318 602 400
2319 612 394
2320 632 404
2321 650 403
2322 665 402
2323 690 394
2324 694 397
2325 714 393
2326 737 396
2327 746 398
2328 769 408
2329 786 392
2330 792 407
2331 809 407
2332 824 397
2333 849 394
2334 850 407
2335 874 401
2336 892 398
2337 911 399
2338 930 395
2339 933 400
2340 950 403
2341 966 400
2342 994 393
2343 994 396
2344 999 402
2345 999 401
2346 999 393
2347 999 399
2348 999 401
2349 999 393
2350 999 405
2351 999 398
2352 999 408
2353 999 400
2354 999 392
2355 999 404
2356 999 399
2357 15 416
2358 28 421
2359 49 409
2360 54 415
2361 68 412
2362 98 421
2363 98 413
2364 124 411
2365 133 411
2366 161 406
2367 175 412
2368 187 420
2369 205 405
2370 220 413
2371 240 405
2372 244 409
2373 271 406
2374 279 406
2375 304 410
2376 316 405
2377 335 406
2378 348 415
2379 360 419
2380 385 405
2381 401 406
2382 416 405
2383 431 415
2384 444 410
2385 451 416
2386 471 420
2387 492 418
2388 511 406
2389 518 416
2390 532 420
2391 549 413
2392 570 419
2393 590 420
2394 598 417
2395 624 421
2396 634 418
2397 643 415
2398 668 417
2399 677 407
2400 697 407
2401 713 421
2402 722 407
2403 738 417
2404 760 405
2405 774 414
2406 792 417
2407 814 421
2408 831 412
2409 843 421
2410 855 419
2411 871 419
2412 890 407
2413 901 413
2414 928 405
2415 932 406
2416 961 407
2417 965 421
2418 986 408
2419 999 411
2420 999 405
2421 999 409
2422 999 410
2423 999 418
2424 999 406
2425 999 407
2426 999 408
2427 999 415
2428 999 414
2429 999 419
2430 999 413
2431 999 411
2432 999 408
2433 12 421
2434 26 430
2435 42 428
2436 65 420
2437 68 423
2438 87 419
2439 104 421
2440 123 424
2441 137 430
2442 149 434
2443 176 429
2444 183 428
2445 196 433
2446 223 428
2447 233 423
2448 243 421
2449 264 423
2450 285 424
2451 294 423
2452 316 421
2453 326 418
2454 339 426
2455 358 430
2456 373 421
2457 390 427
2458 403 421
2459 420 432
2460 439 434
2461 464 432
2462 476 427
2463 495 422
2464 510 431
2465 517 420
2466 542 418
2467 555 420
2468 563 420
2469 580 434
2470 606 431
2471 619 431
2472 632 425
2473 654 428
2474 663 432
2475 678 433
2476 690 426
2477 706 429
2478 730 424
2479 750 418
2480 761 434
2481 774 422
2482 791 420
2483 802 420
2484 828 420
2485 842 433
2486 850 421
2487 868 426
2488 888 419
2489 906 420
2490 927 421
2491 946 433
2492 955 422
2493 963 421
2494 978 432
2495 999 429
2496 999 419
2497 999 431
2498 999 423
2499 999 422
2500 999 428
2501 999 421
2502 999 423
2503 999 432
2504 999 426
2505 999 425
2506 999 427
2507 999 421
2508 999 424
2509 13 431
2510 18 444
2511 35 444
2512 57 444
2513 74 446
2514 92 436
2515 114 432
2516 123 435
2517 141 434
2518 150 443
2519 171 435
2520 184 435
2521 208 440
2522 219 434
2523 239 445
2524 256 436
2525 271 433
2526 284 438
2527 293 442
2528 314 434
2529 334 441
2530 352 446
2531 357 432
2532 378 434
2533 400 441
2534 417 431
2535 434 435
2536 448 438
2537 460 443
2538 482 440
2539 485 435
2540 514 441
2541 515 436
2542 538 444
2543 554 432
2544 562 431
2545 590 432
2546 610 447
2547 617 438
2548 626 443
2549 642 436
2550 663 433
2551 690 445
2552 696 439
2553 711 434
2554 736 438
2555 749 446
2556 770 439
2557 780 434
2558 800 446
2559 811 443
2560 830 444
2561 844 445
2562 854 446
2563 871 446
2564 898 433
2565 910 434
2566 923 445
2567 945 444
2568 957 434
2569 977 447
2570 986 436
2571 998 440
2572 999 445
2573 999 438
2574 999 435
2575 999 432
2576 999 436
2577 999 440
2578 999 433
2579 999 439
2580 999 438
2581 999 442
2582 999 439
2583 999 432
2584 999 445
2585 11 455
2586 34 453
2587 37 451
2588 58 444
2589 74 451
2590 95 459
2591 107 456
2592 123 454
2593 146 448
2594 150 449
2595 165 453
2596 188 451
2597 207 445
2598 211 453
2599 240 458
2600 250 444
2601 272 452
2602 286 459
2603 292 455
2604 307 446
2605 323 453
2606 348 446
2607 365 448
2608 384 451
2609 388 446
2610 410 445
2611 432 448
2612 444 444
2613 451 453
2614 478 446
2615 487 460
2616 501 455
2617 530 457
2618 531 445
2619 546 454
2620 570 449
2621 580 445
2622 598 455
2623 625 451
2624 639 453
2625 645 455
2626 664 456
2627 680 450
2628 692 453
2629 721 456
2630 735 454
2631 753 460
2632 767 445
2633 775 460
2634 789 459
2635 805 457
2636 825 452
2637 844 446
2638 865 456
2639 882 459
2640 883 455
2641 911 447
2642 929 455
2643 939 452
2644 950 453
2645 972 452
2646 980 449
2647 999 459
2648 999 446
2649 999 446
2650 999 460
2651 999 458
2652 999 450
2653 999 459
2654 999 447
2655 999 450
2656 999 460
2657 999 446
2658 999 456
2659 999 446
2660 999 458
2661 13 467
2662 22 469
2663 44 458
2664 61 469
2665 78 469
2666 90 470
2667 107 459
2668 121 472
2669 144 465
2670 153 468
2671 168 458
2672 179 461
2673 209 460
2674 221 468
2675 227 468
2676 243 459
2677 268 465
2678 278 467
2679 299 466
2680 319 459
2681 325 462
2682 346 468
2683 369 469
2684 376 464
2685 398 472
2686 416 466
2687 429 471
2688 441 467
2689 458 457
2690 479 464
2691 488 473
2692 509 457
2693 525 463
2694 533 458
2695 561 470
2696 567 462
2697 590 462
2698 601 458
2699 619 463
2700 631 459
2701 656 461
2702 673 459
2703 688 466
2704 697 469
2705 707 467
2706 723 466
2707 751 463
2708 766 460
2709 781 464
2710 786 466
2711 811 461
2712 827 473
2713 844 466
2714 864 463
2715 873 463
2716 882 458
2717 910 468
2718 923 459
2719 930 465
2720 949 458
2721 977 464
2722 978 461
2723 999 470
2724 999 463
2725 999 460
2726 999 459
2727 999 470
2728 999 466
2729 999 473
2730 999 462
2731 999 458
2732 999 468
2733 999 457
2734 999 458
2735 999 466
2736 999 459
2737 6 486
2738 28 472
2739 38 475
2740 54 483
2741 66 478
2742 95 473
2743 98 485
2744 126 485
2745 131 470
2746 154 471
2747 178 485
2748 184 484
2749 195 475
2750 221 481
2751 242 476
2752 252 486
2753 258 473
2754 288 476
2755 292 477
2756 310 475
2757 334 483
2758 342 473
2759 358 472
2760 381 481
2761 390 485
2762 402 482
2763 419 471
2764 437 476
2765 459 483
2766 467 485
2767 492 480
2768 512 480
2769 528 483
2770 533 483
2771 546 476
2772 575 481
2773 591 472
2774 599 473
2775 620 473
2776 635 486
2777 653 470
2778 665 470
2779 680 484
2780 705 485
2781 722 478
2782 736 475
2783 744 476
2784 766 471
2785 786 481
2786 791 477
2787 817 484
2788 828 485
2789 836 476
2790 866 486
2791 879 470
2792 894 476
2793 902 471
2794 918 480
2795 933 483
2796 950 470
2797 977 474
2798 992 478
2799 999 477
2800 999 476
2801 999 474
2802 999 486
2803 999 471
2804 999 483
2805 999 478
2806 999 470
2807 999 485
2808 999 485
2809 999 478
2810 999 474
2811 999 471
2812 999 473
2813 9 488
2814 27 494
2815 34 484
2816 56 495
2817 67 492
2818 91 491
2819 111 496
2820 123 486
2821 131 491
2822 149 494
2823 176 486
2824 180 499
2825 195 498
2826 222 499
2827 232 483
2828 247 488
2829 263 484
2830 283 491
2831 298 489
2832 318 488
2833 324 486
2834 353 488
2835 360 493
2836 372 499
2837 402 497
2838 405 493
2839 433 487
2840 439 486
2841 453 492
2842 475 485
2843 487 490
2844 503 483
2845 518 486
2846 532 495
2847 549 483
2848 573 495
2849 590 498
2850 603 494
2851 615 496
2852 635 491
2853 654 495
2854 658 491
2855 688 494
2856 697 484
2857 718 489
2858 727 499
2859 751 492
2860 770 494
2861 784 498
2862 787 486
2863 809 489
2864 831 499
2865 837 491
2866 864 499
2867 877 494
2868 897 489
2869 914 484
2870 920 492
2871 937 497
2872 949 492
2873 975 484
2874 994 497
2875 999 495
2876 999 486
2877 999 497
2878 999 489
2879 999 489
2880 999 489
2881 999 484
2882 999 489
2883 999 490
2884 999 484
2885 999 498
2886 999 495
2887 999 489
2888 999 483
2889 14 504
2890 24 502
2891 40 511
2892 53 503
2893 75 507
2894 98 510
2895 113 504
2896 125 505
2897 131 496
2898 156 502
2899 170 509
2900 191 501
2901 205 511
2902 216 510
2903 238 499
2904 242 506
2905 267 508
2906 285 499
2907 290 506
2908 322 496
2909 336 510
2910 351 498
2911 362 505
2912 373 496
2913 389 502
2914 412 498
2915 431 511
2916 442 511
2917 462 496
2918 478 503
2919 491 502
2920 510 501
2921 525 502
2922 534 498
2923 559 504
2924 571 503
2925 578 505
2926 602 506
2927 626 507
2928 640 498
2929 654 502
2930 669 501
2931 683 510
2932 703 507
2933 709 509
2934 730 496
2935 753 504
2936 762 504
2937 772 504
2938 793 497
2939 806 496
2940 821 507
2941 848 499
2942 851 499
2943 873 511
2944 897 497
2945 900 505
2946 925 499
2947 942 502
2948 958 509
2949 971 506
2950 993 496
2951 994 505
2952 999 504
2953 999 496
2954 999 504
2955 999 509
2956 999 507
2957 999 512
2958 999 502
2959 999 505
2960 999 501
2961 999 502
2962 999 501
2963 999 500
2964 999 509
2965 14 519
2966 26 520
2967 36 511
2968 61 514
2969 76 518
2970 84 516
2971 105 515
2972 128 515
2973 142 509
2974 146 521
2975 176 514
2976 178 525
2977 200 518
2978 212 519
2979 237 512
2980 253 522
2981 261 520
2982 287 518
2983 294 511
2984 315 525
2985 326 512
2986 350 511
2987 361 522
2988 385 517
2989 394 516
2990 411 522
2991 421 509
2992 449 515
2993 459 518
2994 470 518
2995 482 510
2996 508 516
2997 528 515
2998 533 521
2999 556 514
3000 564 518
3001 585 509
3002 602 519
3003 620 524
3004 635 518
3005 653 520
3006 659 512
3007 684 524
3008 700 512
3009 718 516
3010 738 521
3011 752 525
3012 770 511
3013 780 514
3014 790 509
3015 812 512
3016 833 512
3017 839 525
3018 856 511
3019 874 513
3020 895 520
3021 914 521
3022 929 514
3023 930 515
3024 959 525
3025 975 525
3026 994 511
3027 999 515
3028 999 516
3029 999 515
3030 999 513
3031 999 517
3032 999 516
3033 999 523
3034 999 520
3035 999 516
3036 999 517
3037 999 514
3038 999 511
3039 999 520
3040 999 512
3041 11 527
3042 22 532
3043 38 534
3044 65 537
3045 70 537
3046 83 524
3047 102 530
3048 115 529
3049 143 530
3050 155 525
3051 170 524
3052 185 527
3053 198 530
3054 219 538
3055 236 531
3056 249 529
3057 262 535
3058 286 527
3059 294 527
3060 309 522
3061 337 538
3062 344 532
3063 360 531
3064 373 524
3065 389 527
3066 408 531
3067 419 537
3068 446 528
3069 464 538
3070 471 535
3071 485 537
3072 502 534
3073 522 533
3074 544 529
3075 559 535
3076 565 529
3077 582 530
3078 598 531
3079 623 536
3080 642 534
3081 646 528
3082 671 527
3083 676 536
3084 695 528
3085 706 527
3086 730 527
3087 754 529
3088 768 522
3089 781 532
3090 788 534
3091 814 535
3092 824 529
3093 836 537
3094 855 531
3095 877 525
3096 892 538
3097 898 532
3098 922 535
3099 932 538
3100 955 532
3101 967 530
3102 984 529
3103 998 536
3104 999 536
3105 999 526
3106 999 524
3107 999 526
3108 999 529
3109 999 527
3110 999 526
3111 999 535
3112 999 536
3113 999 530
3114 999 527
3115 999 523
3116 999 533
3117 2 543
3118 24 538
3119 40 550
3120 52 539
3121 73 542
3122 97 542
3123 103 542
3124 118 548
3125 141 536
3126 158 549
3127 175 540
3128 179 543
3129 207 544
3130 221 548
3131 235 537
3132 258 544
3133 264 538
3134 275 538
3135 304 548
3136 307 536
3137 324 550
3138 351 536
3139 369 539
3140 378 539
3141 389 543
3142 413 549
3143 423 535
3144 448 546
3145 456 550
3146 472 549
3147 486 541
3148 509 539
3149 522 540
3150 531 537
3151 551 536
3152 577 549
3153 594 545
3154 605 550
3155 619 551
3156 636 544
3157 643 542
3158 667 535
3159 682 536
3160 694 540
3161 711 542
3162 735 551
3163 744 539
3164 768 548
3165 773 544
3166 796 544
3167 805 540
3168 833 537
3169 844 548
3170 864 546
3171 872 550
3172 884 541
3173 902 549
3174 927 549
3175 943 545
3176 958 541
3177 963 547
3178 991 550
3179 998 551
3180 999 547
3181 999 550
3182 999 551
3183 999 535
3184 999 547
3185 999 542
3186 999 546
3187 999 544
3188 999 541
3189 999 541
3190 999 543
3191 999 535
3192 999 545
3193 15 552
3194 26 555
3195 42 548
3196 64 558
3197 70 549
3198 97 555
3199 101 551
3200 114 552
3201 138 548
3202 152 554
3203 164 548
3204 179 556
3205 207 555
3206 221 563
3207 231 548
3208 246 561
3209 274 549
3210 277 550
3211 298 562
3212 309 555
3213 331 562
3214 345 550
3215 365 556
3216 372 549
3217 392 555
3218 418 555
3219 429 557
3220 441 560
3221 452 564
3222 477 549
3223 487 564
3224 503 552
3225 528 550
3226 538 549
3227 546 563
3228 574 559
3229 591 563
3230 607 553
3231 620 564
3232 640 552
3233 646 558
3234 666 562
3235 675 562
3236 691 554
3237 717 555
3238 738 556
3239 741 550
3240 756 558
3241 778 551
3242 791 556
3243 802 549
3244 819 556
3245 845 553
3246 860 561
3247 879 549
3248 884 551
3249 899 555
3250 928 560
3251 937 555
3252 948 564
3253 962 550
3254 985 557
3255 999 551
3256 999 558
3257 999 551
3258 999 555
3259 999 553
3260 999 551
3261 999 548
3262 999 560
3263 999 553
3264 999 558
3265 999 561
3266 999 561
3267 999 554
3268 999 548
3269 2 566
3270 26 576
3271 44 569
3272 59 569
3273 80 561
3274 82 570
3275 102 573
3276 123 574
3277 132 571
3278 149 568
3279 167 568
3280 191 572
3281 203 575
3282 214 562
3283 239 572
3284 247 567
3285 259 574
3286 280 565
3287 304 567
3288 315 561
3289 329 572
3290 353 564
3291 359 561
3292 375 570
3293 389 571
3294 412 572
3295 421 573
3296 446 571
3297 459 574
3298 471 574
3299 485 569
3300 510 564
3301 525 571
3302 537 569
3303 551 566
3304 577 574
3305 579 563
3306 610 572
3307 618 571
3308 632 569
3309 650 573
3310 673 563
3311 674 571
3312 693 567
3313 706 574
3314 734 562
3315 738 573
3316 768 577
3317 785 572
3318 794 573
3319 811 574
3320 822 576
3321 846 574
3322 859 561
3323 878 562
3324 883 576
3325 904 574
3326 919 569
3327 940 570
3328 948 561
3329 968 562
3330 986 570
3331 999 575
3332 999 567
3333 999 577
3334 999 575
3335 999 572
3336 999 572
3337 999 577
3338 999 565
3339 999 564
3340 999 576
3341 999 574
3342 999 564
3343 999 567
3344 999 567
3345 10 581
3346 23 582
3347 39 585
3348 54 588
3349 66 577
3350 94 586
3351 104 578
3352 128 586
3353 144 584
3354 146 584
3355 164 589
3356 194 577
3357 201 583
3358 224 587
3359 229 583
3360 258 589
3361 268 579
3362 279 585
3363 295 581
3364 312 587
3365 333 583
3366 341 588
3367 361 588
3368 379 581
3369 402 589
3370 407 587
3371 424 586
3372 437 584
3373 457 575
3374 466 587
3375 496 582
3376 509 582
3377 518 587
3378 532 574
3379 561 576
3380 568 580
3381 582 577
3382 609 583
3383 622 576
3384 639 584
3385 642 580
3386 672 579
3387 677 576
3388 699 588
3389 708 586
3390 725 578
3391 745 583
3392 770 577
3393 785 586
3394 796 584
3395 814 582
3396 827 587
3397 842 590
3398 859 576
3399 880 585
3400 897 579
3401 903 581
3402 927 581
3403 940 579
3404 950 575
3405 966 578
3406 993 577
3407 999 576
3408 999 585
3409 999 585
3410 999 590
3411 999 576
3412 999 582
3413 999 575
3414 999 578
3415 999 581
3416 999 581
3417 999 588
3418 999 574
3419 999 582
3420 999 583
3421 9 596
3422 24 594
3423 44 592
3424 63 592
3425 82 601
3426 96 589
3427 98 602
3428 127 590
3429 139 592
3430 155 596
3431 170 587
3432 185 601
3433 198 594
3434 216 589
3435 230 603
3436 257 599
3437 259 587
3438 282 603
3439 302 593
3440 320 595
3441 326 595
3442 342 599
3443 363 601
3444 377 602
3445 386 598
3446 410 595
3447 434 587
3448 435 594
3449 451 596
3450 469 589
3451 498 598
3452 498 587
3453 530 589
3454 531 603
3455 552 601
3456 569 589
3457 585 587
3458 598 587
3459 622 599
3460 631 593
3461 642 594
3462 659 596
3463 682 593
3464 703 587
3465 722 588
3466 737 589
3467 741 599
3468 763 596
3469 777 591
3470 798 593
3471 815 594
3472 826 590
3473 838 592
3474 851 602
3475 878 587
3476 894 592
3477 902 600
3478 916 595
3479 939 595
3480 955 596
3481 967 587
3482 994 592
3483 999 591
3484 999 598
3485 999 598
3486 999 595
3487 999 602
3488 999 596
3489 999 602
3490 999 589
3491 999 601
3492 999 603
3493 999 596
3494 999 593
3495 999 587
3496 999 602
3497 13 602
3498 18 612
3499 42 603
3500 53 616
3501 72 606
3502 89 600
3503 105 603
3504 120 606
3505 133 609
3506 155 611
3507 164 607
3508 182 608
3509 206 600
3510 226 606
3511 232 609
3512 243 607
3513 270 611
3514 287 613
3515 304 615
3516 307 612
3517 333 606
3518 350 616
3519 361 603
3520 379 602
3521 389 609
3522 404 616
3523 426 605
3524 447 604
3525 465 609
3526 482 607
3527 485 614
3528 507 613
3529 518 600
3530 535 612
3531 552 609
3532 570 605
3533 586 613
3534 594 613
3535 621 604
3536 626 608
3537 650 614
3538 661 614
3539 680 602
3540 706 606
3541 721 609
3542 737 604
3543 753 610
3544 763 614
3545 783 616
3546 798 607
3547 817 613
3548 830 611
3549 834 614
3550 858 611
3551 870 616
3552 891 611
3553 907 607
3554 930 605
3555 940 612
3556 952 602
3557 963 616
3558 992 614
3559 999 604
3560 999 614
3561 999 603
3562 999 612
3563 999 610
3564 999 611
3565 999 609
3566 999 609
3567 999 604
3568 999 615
3569 999 603
3570 999 608
3571 999 604
3572 999 601
3573 11 623
3574 23 629
3575 49 627
3576 50 625
3577 74 623
3578 89 614
3579 98 627
3580 115 628
3581 143 617
3582 148 613
3583 177 627
3584 186 626
3585 208 629
3586 224 619
3587 235 628
3588 245 629
3589 274 627
3590 276 629
3591 294 624
3592 318 617
3593 331 613
3594 338 629
3595 367 629
3596 384 615
3597 388 626
3598 413 619
3599 419 616
3600 437 624
3601 451 622
3602 467 629
3603 482 623
3604 501 623
3605 521 621
3606 532 615
3607 557 615
3608 572 615
3609 586 627
3610 602 627
3611 624 621
3612 626 627
3613 643 625
3614 662 625
3615 678 626
3616 705 625
3617 717 621
3618 736 625
3619 747 626
3620 758 629
3621 784 620
3622 795 618
3623 816 624
3624 825 629
3625 837 622
3626 864 616
3627 878 618
3628 896 622
3629 907 617
3630 928 618
3631 935 621
3632 951 623
3633 971 619
3634 985 616
3635 999 628
3636 999 625
3637 999 621
3638 999 619
3639 999 624
3640 999 619
3641 999 618
3642 999 625
3643 999 624
3644 999 619
3645 999 617
3646 999 618
3647 999 629
3648 999 618
3649 3 641
3650 30 633
3651 38 630
3652 61 630
3653 82 628
3654 91 629
3655 103 633
3656 124 640
3657 134 633
3658 146 642
3659 178 636
3660 190 640
3661 199 627
3662 219 626
3663 237 630
3664 255 637
3665 272 637
3666 279 626
3667 305 635
3668 308 626
3669 333 630
3670 350 639
3671 355 640
3672 370 628
3673 396 632
3674 402 634
3675 433 637
3676 439 633
3677 453 641
3678 467 628
3679 493 636
3680 508 638
3681 520 641
3682 535 636
3683 548 636
3684 578 638
3685 582 626
3686 599 638
3687 625 641
3688 639 634
3689 643 632
3690 664 631
3691 678 630
3692 702 629
3693 711 640
3694 735 626
3695 745 626
3696 760 626
3697 780 626
3698 793 628
3699 811 633
3700 818 626
3701 840 631
3702 854 641
3703 872 636
3704 891 630
3705 900 636
3706 915 630
3707 933 631
3708 954 627
3709 965 628
3710 982 631
3711 999 641
3712 999 629
3713 999 630
3714 999 641
3715 999 636
3716 999 636
3717 999 632
3718 999 641
3719 999 639
3720 999 638
3721 999 634
3722 999 640
3723 999 627
3724 999 631
3725 10 644
3726 34 646
3727 36 651
3728 53 646
3729 66 639
3730 86 641
3731 106 650
3732 127 647
3733 141 646
3734 161 653
3735 168 648
3736 179 646
3737 199 648
3738 210 644
3739 226 645
3740 246 648
3741 265 652
3742 280 641
3743 301 647
3744 314 650
3745 325 646
3746 353 655
3747 362 650
3748 373 649
3749 398 645
3750 405 648
3751 421 655
3752 449 655
3753 453 647
3754 467 649
3755 493 654
3756 505 650
3757 527 650
3758 541 651
3759 551 649
3760 576 641
3761 594 642
3762 604 654
3763 621 640
3764 641 649
3765 647 645
3766 667 650
3767 677 650
3768 696 646
3769 720 645
3770 737 641
3771 745 653
3772 770 644
3773 770 643
3774 789 653
3775 802 647
3776 823 640
3777 842 639
3778 859 655
3779 871 655
3780 887 641
3781 908 647
3782 918 644
3783 935 651
3784 953 640
3785 967 642
3786 992 654
3787 999 651
3788 999 640
3789 999 644
3790 999 646
3791 999 640
3792 999 653
3793 999 647
3794 999 641
3795 999 645
3796 999 653
3797 999 652
3798 999 655
3799 999 649
3800 999 643
3801 15 653
3802 26 665
3803 44 659
3804 57 665
3805 71 660
3806 94 668
3807 99 667
3808 117 660
3809 144 659
3810 150 666
3811 172 657
3812 194 668
3813 195 652
3814 223 666
3815 228 665
3816 251 662
3817 263 662
3818 284 666
3819 300 666
3820 310 662
3821 323 657
3822 352 662
3823 364 654
3824 382 654
3825 396 652
3826 403 654
3827 424 654
3828 445 660
3829 451 660
3830 477 662
3831 492 661
3832 509 661
3833 529 653
3834 541 660
3835 550 658
3836 577 652
3837 580 662
3838 606 656
3839 617 657
3840 631 668
3841 646 663
3842 662 653
3843 685 658
3844 693 655
3845 722 654
3846 734 653
3847 740 663
3848 754 660
3849 781 657
3850 798 661
3851 810 656
3852 833 656
3853 836 653
3854 866 665
3855 872 658
3856 882 665
3857 901 664
3858 919 668
3859 934 661
3860 960 661
3861 977 659
3862 986 654
3863 999 665
3864 999 660
3865 999 656
3866 999 654
3867 999 665
3868 999 668
3869 999 652
3870 999 662
3871 999 659
3872 999 662
3873 999 668
3874 999 658
3875 999 653
3876 999 653
3877 9 668
3878 28 665
3879 46 678
3880 60 670
3881 68 673
3882 84 667
3883 110 679
3884 116 671
3885 134 671
3886 149 669
3887 172 669
3888 180 672
3889 205 680
3890 210 676
3891 241 673
3892 244 674
3893 258 673
3894 286 672
3895 292 673
3896 309 681
3897 329 675
3898 345 679
3899 359 675
3900 384 669
3901 399 673
3902 404 680
3903 432 681
3904 442 667
3905 450 668
3906 471 679
3907 494 680
3908 505 676
3909 520 675
3910 532 668
3911 548 677
3912 566 677
3913 580 668
3914 608 665
3915 624 669
3916 628 666
3917 642 678
3918 673 671
3919 679 668
3920 701 665
3921 706 674
3922 728 680
3923 740 671
3924 757 674
3925 772 677
3926 794 676
3927 809 676
3928 819 665
3929 838 671
3930 863 675
3931 867 672
3932 887 678
3933 899 669
3934 927 681
3935 946 665
3936 951 667
3937 978 667
3938 980 675
3939 999 670
3940 999 678
3941 999 670
3942 999 666
3943 999 672
3944 999 671
3945 999 679
3946 999 680
3947 999 665
3948 999 674
3949 999 674
3950 999 680
3951 999 668
3952 999 667
3953 9 684
3954 30 683
3955 42 686
3956 61 693
3957 79 694
3958 93 691
3959 108 682
3960 114 688
3961 140 684
3962 151 679
3963 176 685
3964 190 693
3965 197 687
3966 216 691
3967 234 689
3968 244 690
3969 270 689
3970 285 684
3971 302 682
3972 321 681
3973 324 681
3974 340 685
3975 360 679
3976 386 693
3977 394 681
3978 406 681
3979 433 686
3980 438 678
3981 461 692
3982 468 693
3983 483 693
3984 505 680
3985 528 693
3986 531 693
3987 556 689
3988 577 684
3989 586 680
3990 609 688
3991 614 682
3992 634 679
3993 652 686
3994 662 682
3995 681 694
3996 704 682
3997 712 688
3998 734 693
3999 740 694
4000 755 682
4001 783 694
4002 796 686
4003 802 678
4004 822 692
4005 838 693
4006 862 691
4007 875 689
4008 894 684
4009 903 678
4010 919 688
4011 940 680
4012 958 693
4013 962 691
4014 987 694
4015 999 678
4016 999 686
4017 999 689
4018 999 683
4019 999 678
4020 999 688
4021 999 685
4022 999 686
4023 999 678
4024 999 690
4025 999 683
4026 999 680
4027 999 686
4028 999 688
4029 6 703
4030 25 694
4031 42 696
4032 64 694
4033 78 694
4034 94 705
4035 111 697
4036 127 695
4037 146 703
4038 153 694
4039 164 694
4040 189 707
4041 195 704
4042 210 701
4043 233 692
4044 256 700
4045 259 695
4046 274 706
4047 299 705
4048 307 705
4049 331 704
4050 351 707
4051 358 705
4052 386 699
4053 395 696
4054 404 707
4055 418 697
4056 441 692
4057 451 698
4058 468 703
4059 486 695
4060 510 702
4061 520 694
4062 543 699
4063 552 706
4064 573 693
4065 588 700
4066 605 697
4067 617 702
4068 637 694
4069 656 699
4070 659 693
4071 689 705
4072 698 702
4073 720 707
4074 735 693
4075 749 697
4076 764 696
4077 770 693
4078 796 692
4079 803 698
4080 820 702
4081 844 707
4082 855 698
4083 878 692
4084 893 697
4085 911 706
4086 928 703
4087 932 700
4088 958 699
4089 973 692
4090 989 698
4091 995 700
4092 999 694
4093 999 697
4094 999 695
4095 999 701
4096 999 697
4097 999 698
4098 999 707
4099 999 692
4100 999 703
4101 999 698
4102 999 704
4103 999 705
4104 999 698
4105 9 706
4106 25 704
4107 46 715
4108 60 704
4109 74 706
4110 90 710
4111 111 710
4112 119 706
4113 143 711
4114 152 716
4115 162 717
4116 194 714
4117 196 720
4118 212 715
4119 229 715
4120 254 705
4121 261 718
4122 288 719
4123 293 705
4124 317 715
4125 335 712
4126 345 710
4127 363 713
4128 386 719
4129 387 707
4130 418 705
4131 426 710
4132 441 715
4133 452 717
4134 480 717
4135 491 720
4136 511 718
4137 520 711
4138 532 719
4139 555 711
4140 578 715
4141 591 715
4142 609 712
4143 615 713
4144 626 713
4145 658 708
4146 667 704
4147 685 715
4148 699 718
4149 713 707
4150 735 710
4151 741 718
4152 756 718
4153 781 714
4154 786 706
4155 809 704
4156 823 715
4157 837 708
4158 854 717
4159 873 719
4160 887 713
4161 910 709
4162 928 708
4163 936 717
4164 948 716
4165 976 709
4166 986 709
4167 999 714
4168 999 719
4169 999 704
4170 999 716
4171 999 719
4172 999 719
4173 999 719
4174 999 711
4175 999 716
4176 999 712
4177 999 707
4178 999 719
4179 999 718
4180 999 719
4181 9 721
4182 22 718
4183 43 733
4184 50 727
4185 79 722
4186 86 724
4187 99 726
4188 130 731
4189 133 732
4190 151 724
4191 177 729
4192 184 718
4193 210 733
4194 217 724
4195 242 726
4196 257 729
4197 267 732
4198 278 722
4199 300 717
4200 312 733
4201 337 720
4202 348 717
4203 362 733
4204 377 722
4205 389 730
4206 413 719
4207 427 718
4208 450 729
4209 465 720
4210 468 726
4211 491 726
4212 508 721
4213 521 726
4214 544 719
4215 550 728
4216 565 720
4217 586 723
4218 602 729
4219 611 722
4220 636 717
4221 650 719
4222 662 720
4223 689 729
4224 692 725
4225 721 726
4226 729 724
4227 753 730
4228 761 723
4229 780 723
4230 795 733
4231 803 721
4232 818 725
4233 843 725
4234 860 719
4235 875 721
4236 892 726
4237 908 718
4238 914 723
4239 935 724
4240 951 729
4241 968 723
4242 982 729
4243 998 730
4244 999 729
4245 999 719
4246 999 729
4247 999 727
4248 999 720
4249 999 729
4250 999 724
4251 999 717
4252 999 728
4253 999 731
4254 999 730
4255 999 717
4256 999 719
4257 2 744
4258 28 741
4259 34 734
4260 54 743
4261 69 745
4262 85 736
4263 100 744
4264 128 746
4265 132 744
4266 151 739
4267 174 745
4268 187 736
4269 201 740
4270 224 737
4271 241 738
4272 258 745
4273 259 746
4274 286 744
4275 290 734
4276 309 743
4277 330 745
4278 341 734
4279 367 739
4280 378 730
4281 402 744
4282 412 745
4283 430 738
4284 441 731
4285 454 734
4286 469 737
4287 489 744
4288 512 741
4289 529 734
4290 535 733
4291 548 746
4292 578 744
4293 588 738
4294 595 744
4295 621 735
4296 635 745
4297 643 744
4298 665 730
4299 688 730
4300 693 739
4301 715 740
4302 731 743
4303 739 742
4304 760 740
4305 770 739
4306 791 738
4307 806 735
4308 832 746
4309 849 743
4310 854 733
4311 872 739
4312 889 746
4313 909 734
4314 920 740
4315 936 743
4316 959 744
4317 962 742
4318 989 739
4319 999 733
4320 999 745
4321 999 737
4322 999 732
4323 999 730
4324 999 743
4325 999 738
4326 999 731
4327 999 730
4328 999 746
4329 999 740
4330 999 743
4331 999 743
4332 999 734
4333 14 751
4334 26 752
4335 44 748
4336 59 755
4337 66 749
4338 83 759
4339 110 747
4340 129 753
4341 140 752
4342 157 758
4343 173 755
4344 179 743
4345 203 754
4346 215 756
4347 227 759
4348 251 748
4349 261 752
4350 280 752
4351 299 745
4352 308 753
4353 337 749
4354 339 750
4355 369 747
4356 374 758
4357 397 750
4358 405 756
4359 419 749
4360 443 743
4361 456 750
4362 466 758
4363 498 756
4364 508 743
4365 527 756
4366 542 746
4367 561 749
4368 563 750
4369 584 743
4370 610 747
4371 620 754
4372 628 747
4373 649 750
4374 659 754
4375 686 755
4376 693 756
4377 722 749
4378 724 745
4379 740 746
4380 764 744
4381 783 743
4382 796 744
4383 810 743
4384 818 748
4385 840 755
4386 856 744
4387 872 748
4388 888 755
4389 903 755
4390 922 752
4391 942 759
4392 951 743
4393 971 759
4394 981 751
4395 998 759
4396 999 745
4397 999 757
4398 999 752
4399 999 743
4400 999 749
4401 999 755
4402 999 759
4403 999 745
4404 999 754
4405 999 749
4406 999 750
4407 999 743
4408 999 757
4409 14 765
4410 27 765
4411 48 764
4412 50 763
4413 73 759
4414 92 764
4415 112 769
4416 125 760
4417 145 757
4418 147 772
4419 173 761
4420 189 762
4421 202 764
4422 219 770
4423 228 771
4424 249 762
4425 266 766
4426 288 763
4427 298 760
4428 315 772
4429 334 770
4430 347 757
4431 362 771
4432 384 759
4433 398 765
4434 410 767
4435 433 762
4436 436 763
4437 464 758
4438 466 761
4439 498 758
4440 503 765
4441 527 760
4442 546 759
4443 562 759
4444 575 766
4445 587 758
4446 598 770
4447 622 765
4448 641 766
4449 653 761
4450 660 765
4451 680 768
4452 697 758
4453 713 763
4454 731 761
4455 742 759
4456 754 765
4457 779 756
4458 791 760
4459 817 766
4460 821 764
4461 847 770
4462 852 769
4463 868 761
4464 893 761
4465 902 762
4466 925 766
4467 930 768
4468 948 757
4469 975 770
4470 990 765
4471 999 763
4472 999 762
4473 999 767
4474 999 768
4475 999 766
4476 999 756
4477 999 767
4478 999 764
4479 999 767
4480 999 758
4481 999 760
4482 999 770
4483 999 763
4484 999 769
4485 16 772
4486 26 770
4487 49 780
4488 64 775
4489 74 782
4490 92 776
4491 98 784
4492 114 780
4493 141 779
4494 154 774
4495 178 779
4496 185 770
4497 207 779
4498 223 775
4499 231 777
4500 256 781
4501 260 776
4502 288 770
4503 291 779
4504 308 776
4505 336 775
4506 338 783
4507 354 779
4508 371 782
4509 390 776
4510 404 784
4511 433 772
4512 448 773
4513 462 775
4514 470 773
4515 497 777
4516 499 785
4517 529 784
4518 534 778
4519 547 785
4520 571 770
4521 585 769
4522 602 778
4523 620 779
4524 627 772
4525 650 785
4526 659 783
4527 680 784
4528 703 785
4529 716 779
4530 727 781
4531 744 784
4532 762 775
4533 775 770
4534 801 770
4535 807 777
4536 830 774
4537 849 770
4538 857 784
4539 878 774
4540 892 771
4541 902 769
4542 926 784
4543 936 772
4544 956 769
4545 964 774
4546 994 776
4547 999 783
4548 999 778
4549 999 770
4550 999 778
4551 999 785
4552 999 769
4553 999 781
4554 999 773
4555 999 784
4556 999 773
4557 999 771
4558 999 774
4559 999 779
4560 999 771
4561 9 797
4562 34 782
4563 42 786
4564 61 783
4565 72 796
4566 87 792
4567 99 783
4568 121 787
4569 133 794
4570 157 792
4571 166 787
4572 186 786
4573 195 793
4574 217 790
4575 233 789
4576 249 798
4577 259 783
4578 275 795
4579 290 795
4580 314 798
4581 323 797
4582 353 792
4583 363 791
4584 373 797
4585 397 784
4586 404 789
4587 433 788
4588 449 784
4589 456 793
4590 482 795
4591 495 784
4592 509 797
4593 521 788
4594 539 782
4595 562 793
4596 566 788
4597 581 793
4598 603 788
4599 616 797
4600 637 790
4601 650 791
4602 672 786
4603 679 798
4604 690 794
4605 709 798
4606 728 787
4607 752 793
4608 756 798
4609 773 798
4610 788 784
4611 802 785
4612 834 798
4613 848 794
4614 853 785
4615 880 790
4616 894 790
4617 898 789
4618 919 786
4619 935 788
4620 956 790
4621 968 795
4622 991 782
4623 999 797
4624 999 790
4625 999 791
4626 999 789
4627 999 791
4628 999 787
4629 999 796
4630 999 791
4631 999 795
4632 999 793
4633 999 796
4634 999 789
4635 999 797
4636 999 796
4637 7 799
4638 31 799
4639 40 799
4640 61 799
4641 70 799
4642 94 799
4643 104 799
4644 127 799
4645 146 799
4646 157 799
4647 177 796
4648 189 799
4649 208 797
4650 223 799
4651 236 796
4652 244 799
4653 273 799
4654 275 795
4655 302 798
4656 322 799
4657 324 799
4658 343 796
4659 355 799
4660 374 799
4661 387 799
4662 410 799
4663 421 798
4664 449 799
4665 466 799
4666 472 798
4667 483 799
4668 503 798
4669 523 796
4670 535 796
4671 550 799
4672 574 799
4673 578 795
4674 598 799
4675 623 799
4676 634 798
4677 656 799
4678 664 799
4679 683 799
4680 696 799
4681 711 799
4682 723 799
4683 752 799
4684 763 799
4685 774 796
4686 794 799
4687 808 797
4688 828 799
4689 835 799
4690 856 798
4691 881 799
4692 889 799
4693 910 798
4694 919 797
4695 945 799
4696 956 799
4697 974 799
4698 991 799
4699 999 799
4700 999 799
4701 999 799
4702 999 799
4703 999 799
4704 999 799
4705 999 799
4706 999 799
4707 999 798
4708 999 799
4709 999 799
4710 999 799
4711 999 799
4712 999 799
4713 10 799
4714 22 799
4715 40 799
4716 62 799
4717 80 799
4718 93 799
4719 104 799
4720 117 799
4721 136 799
4722 160 799
4723 176 799
4724 186 799
4725 207 799
4726 210 799
4727 234 799
4728 257 799
4729 263 799
4730 277 799
4731 294 799
4732 311 799
4733 326 799
4734 353 799
4735 362 799
4736 376 799
4737 395 799
4738 406 799
4739 426 799
4740 448 799
4741 451 799
4742 466 799
4743 484 799
4744 503 799
4745 516 799
4746 533 799
4747 555 799
4748 578 799
4749 583 799
4750 604 799
4751 624 799
4752 626 799
4753 651 799
4754 663 799
4755 690 799
4756 699 799
4757 716 799
4758 728 799
4759 738 799
4760 770 799
4761 777 799
4762 788 799
4763 802 799
4764 819 799
4765 843 799
4766 857 799
4767 874 799
4768 895 799
4769 910 799
4770 928 799
4771 938 799
4772 956 799
4773 962 799
4774 984 799
4775 998 799
4776 999 799
4777 999 799
4778 999 799
4779 999 799
4780 999 799
4781 999 799
4782 999 799
4783 999 799
4784 999 799
4785 999 799
4786 999 799
4787 999 799
4788 999 799
4789 13 799
4790 33 799
4791 35 799
4792 60 799
4793 74 799
4794 83 799
4795 101 799
4796 127 799
4797 130 799
4798 151 799
4799 175 799
4800 181 799
4801 198 799
4802 215 799
4803 236 799
4804 249 799
4805 262 799
4806 289 799
4807 293 799
4808 307 799
4809 336 799
4810 348 799
4811 366 799
4812 380 799
4813 398 799
4814 409 799
4815 434 799
4816 439 799
4817 466 799
4818 478 799
4819 493 799
4820 506 799
4821 523 799
4822 546 799
4823 551 799
4824 569 799
4825 588 799
4826 596 799
4827 625 799
4828 634 799
4829 657 799
4830 674 799
4831 680 799
4832 697 799
4833 707 799
4834 738 799
4835 750 799
4836 765 799
4837 785 799
4838 789 799
4839 810 799
4840 820 799
4841 847 799
4842 861 799
4843 878 799
4844 885 799
4845 900 799
4846 924 799
4847 945 799
4848 950 799
4849 964 799
4850 988 799
4851 999 799
4852 999 799
4853 999 799
4854 999 799
4855 999 799
4856 999 799
4857 999 799
4858 999 799
4859 999 799
4860 999 799
4861 999 799
4862 999 799
4863 999 799
4864 999 799
4865 13 799
4866 33 799
4867 38 799
4868 66 799
4869 82 799
4870 94 799
4871 104 799
4872 118 799
4873 139 799
4874 162 799
4875 169 799
4876 178 799
4877 210 799
4878 210 799
4879 233 799
4880 245 799
4881 259 799
4882 279 799
4883 298 799
4884 317 799
4885 324 799
4886 347 799
4887 365 799
4888 384 799
4889 389 799
4890 406 799
4891 434 799
4892 440 799
4893 462 799
4894 481 799
4895 491 799
4896 505 799
4897 519 799
4898 538 799
4899 561 799
4900 566 799
4901 593 799
4902 604 799
4903 612 799
4904 626 799
4905 651 799
4906 662 799
4907 688 799
4908 696 799
4909 712 799
4910 734 799
4911 746 799
4912 765 799
4913 774 799
4914 794 799
4915 811 799
4916 825 799
4917 841 799
4918 855 799
4919 878 799
4920 895 799
4921 901 799
4922 919 799
4923 935 799
4924 947 799
4925 963 799
4926 982 799
4927 994 799
4928 999 799
4929 999 799
4930 999 799
4931 999 799
4932 999 799
4933 999 799
4934 999 799
4935 999 799
4936 999 799
4937 999 799
4938 999 799
4939 999 799
4940 999 799
4941 11 799
4942 21 799
4943 50 799
4944 55 799
4945 73 799
4946 83 799
4947 101 799
4948 127 799
4949 139 799
4950 155 799
4951 167 799
4952 190 799
4953 205 799
4954 225 799
4955 241 799
4956 251 799
4957 269 799
4958 289 799
4959 299 799
4960 313 799
4961 330 799
4962 342 799
4963 355 799
4964 377 799
4965 393 799
4966 402 799
4967 422 799
4968 438 799
4969 456 799
4970 468 799
4971 482 799
4972 507 799
4973 524 799
4974 530 799
4975 552 799
4976 577 799
4977 586 799
4978 610 799
4979 611 799
4980 639 799
4981 643 799
4982 663 799
4983 674 799
4984 706 799
4985 715 799
4986 725 799
4987 746 799
4988 759 799
4989 776 799
4990 800 799
4991 806 799
4992 833 799
4993 845 799
4994 851 799
4995 881 799
4996 884 799
4997 906 799
4998 918 799
4999 933 799
5000 952 799
5001 977 799
5002 992 799
5003 994 799
5004 999 799
5005 999 799
5006 999 799
5007 999 799
5008 999 799
5009 999 799
5010 999 799
5011 999 799
5012 999 799
5013 999 799
5014 999 799
5015 999 799
5016 999 799
5017 9 799
5018 22 799
5019 38 799
5020 54 799
5021 77 799
5022 83 799
5023 112 799
5024 125 799
5025 140 799
5026 156 799
5027 172 799
5028 190 799
5029 199 799
5030 211 799
5031 240 799
5032 253 799
5033 262 799
5034 287 799
5035 295 799
5036 319 799
5037 336 799
5038 342 799
5039 367 799
5040 383 799
5041 392 799
5042 403 799
5043 423 799
5044 442 799
5045 458 799
5046 478 799
5047 484 799
5048 500 799
5049 529 799
5050 541 799
5051 548 799
5052 571 799
5053 585 799
5054 599 799
5055 613 799
5056 629 799
5057 648 799
5058 667 799
5059 684 799
5060 701 799
5061 713 799
5062 734 799
5063 743 799
5064 760 799
5065 777 799
5066 793 799
5067 807 799
5068 826 799
5069 839 799
5070 851 799
5071 870 799
5072 894 799
5073 898 799
5074 925 799
5075 942 799
5076 952 799
5077 970 799
5078 986 799
5079 999 799
5080 999 799
5081 999 799
5082 999 799
5083 999 799
5084 999 799
5085 999 799
5086 999 799
5087 999 799
5088 999 799
5089 999 799
5090 999 799
5091 999 799
5092 999 799
5093 17 799
5094 21 799
5095 41 799
5096 53 799
5097 70 799
5098 88 799
5099 113 799
5100 116 799
5101 137 799
5102 158 799
5103 172 799
5104 189 799
5105 204 799
5106 215 799
5107 234 799
5108 253 799
5109 274 799
5110 274 799
5111 296 799
5112 306 799
5113 329 799
5114 351 799
5115 355 799
5116 370 799
5117 393 799
5118 409 799
5119 434 799
5120 444 799
5121 466 799
5122 478 799
5123 496 799
5124 502 799
5125 526 799
5126 539 799
5127 559 799
5128 563 799
5129 581 799
5130 605 799
5131 618 799
5132 641 799
5133 651 799
5134 669 799
5135 690 799
5136 692 799
5137 719 799
5138 726 799
5139 753 799
5140 769 799
5141 778 799
5142 801 799
5143 807 799
5144 825 799
5145 841 799
5146 859 799
5147 866 799
5148 883 799
5149 902 799
5150 918 799
5151 937 799
5152 961 799
5153 964 799
5154 990 799
5155 999 799
5156 999 799
5157 999 799
5158 999 799
5159 999 799
5160 999 799
5161 999 799
5162 999 799
5163 999 799
5164 999 799
5165 999 799
5166 999 799
5167 999 799
5168 999 799
5169 18 799
5170 28 799
5171 47 799
5172 64 799
5173 79 799
5174 82 799
5175 107 799
5176 127 799
5177 140 799
5178 149 799
5179 173 799
5180 187 799
5181 194 799
5182 212 799
5183 242 799
5184 244 799
5185 264 799
5186 284 799
5187 297 799
5188 310 799
5189 326 799
5190 347 799
5191 355 799
5192 377 799
5193 394 799
5194 406 799
5195 433 799
5196 443 799
5197 459 799
5198 466 799
5199 497 799
5200 507 799
5201 520 799
5202 535 799
5203 560 799
5204 574 799
5205 593 799
5206 610 799
5207 611 799
5208 626 799
5209 646 799
5210 672 799
5211 685 799
5212 706 799
5213 713 799
5214 730 799
5215 743 799
5216 765 799
5217 778 799
5218 793 799
5219 806 799
5220 833 799
5221 850 799
5222 863 799
5223 877 799
5224 887 799
5225 907 799
5226 927 799
5227 941 799
5228 947 799
5229 964 799
5230 978 799
5231 998 799
5232 999 799
5233 999 799
5234 999 799
5235 999 799
5236 999 799
5237 999 799
5238 999 799
5239 999 799
5240 999 799
5241 999 799
5242 999 799
5243 999 799
5244 999 799
5245 12 799
5246 31 799
5247 49 799
5248 57 799
5249 66 799
5250 89 799
5251 112 799
5252 122 799
5253 137 799
5254 148 799
5255 178 799
5256 181 799
5257 204 799
5258 219 799
5259 233 799
5260 246 799
5261 259 799
5262 285 799
5263 294 799
5264 313 799
5265 334 799
5266 348 799
5267 356 799
5268 380 799
5269 388 799
5270 406 799
5271 418 799
5272 438 799
5273 455 799
5274 466 799
5275 495 799
5276 510 799
5277 528 799
5278 537 799
5279 551 799
5280 566 799
5281 578 799
5282 607 799
5283 624 799
5284 632 799
5285 657 799
5286 665 799
5287 674 799
5288 702 799
5289 714 799
5290 728 799
5291 747 799
5292 757 799
5293 777 799
5294 799 799
5295 804 799
5296 829 799
5297 845 799
5298 866 799
5299 880 799
5300 888 799
5301 912 799
5302 921 799
5303 936 799
5304 959 799
5305 978 799
5306 986 799
5307 999 799
5308 999 799
5309 999 799
5310 999 799
5311 999 799
5312 999 799
5313 999 799
5314 999 799
5315 999 799
5316 999 799
5317 999 799
5318 999 799
5319 999 799
5320 999 799
5321 3 799
5322 25 799
5323 34 799
5324 50 799
5325 67 799
5326 82 799
5327 99 799
5328 130 799
5329 130 799
5330 152 799
5331 167 799
5332 183 799
5333 200 799
5334 222 799
5335 229 799
5336 247 799
5337 263 799
5338 289 799
5339 299 799
5340 310 799
5341 338 799
5342 346 799
5343 368 799
5344 386 799
5345 397 799
5346 411 799
5347 427 799
5348 448 799
5349 464 799
5350 478 799
5351 483 799
5352 501 799
5353 526 799
5354 540 799
5355 553 799
5356 567 799
5357 592 799
5358 600 799
5359 620 799
5360 631 799
5361 650 799
5362 659 799
5363 675 799
5364 696 799
5365 710 799
5366 734 799
5367 739 799
5368 769 799
5369 773 799
5370 794 799
5371 818 799
5372 823 799
5373 848 799
5374 861 799
5375 879 799
5376 886 799
5377 914 799
5378 915 799
5379 933 799
5380 951 799
5381 973 799
5382 988 799
5383 999 799
5384 999 799
5385 999 799
5386 999 799
5387 999 799
5388 999 799
5389 999 799
5390 999 799
5391 999 799
5392 999 799
5393 999 799
5394 999 799
5395 999 799
5396 999 799
5397 15 799
5398 19 799
5399 40 799
5400 62 799
5401 69 799
5402 94 799
5403 103 799
5404 116 799
5405 132 799
5406 152 799
5407 164 799
5408 192 799
5409 195 799
5410 221 799
5411 237 799
5412 251 799
5413 261 799
5414 286 799
5415 297 799
5416 307 799
5417 338 799
5418 347 799
5419 361 799
5420 386 799
5421 400 799
5422 418 799
5423 425 799
5424 448 799
5425 460 799
5426 474 799
5427 485 799
5428 501 799
5429 530 799
5430 546 799
5431 562 799
5432 578 799
5433 587 799
5434 602 799
5435 610 799
5436 626 799
5437 647 799
5438 670 799
5439 674 799
5440 693 799
5441 720 799
5442 729 799
5443 750 799
5444 764 799
5445 770 799
5446 796 799
5447 805 799
5448 818 799
5449 850 799
5450 857 799
5451 873 799
5452 885 799
5453 907 799
5454 926 799
5455 936 799
5456 948 799
5457 977 799
5458 991 799
5459 999 799
5460 999 799
5461 999 799
5462 999 799
5463 999 799
5464 999 799
5465 999 799
5466 999 799
5467 999 799
5468 999 799
5469 999 799
5470 999 799
5471 999 799
5472 999 799
5473 4 799
5474 24 799
5475 43 799
5476 54 799
5477 81 799
5478 98 799
5479 98 799
5480 125 799
5481 145 799
5482 160 799
5483 173 799
5484 183 799
5485 210 799
5486 214 799
5487 241 799
5488 245 799
5489 261 799
5490 282 799
5491 295 799
5492 313 799
5493 333 799
5494 338 799
5495 360 799
5496 385 799
5497 392 799
5498 405 799
5499 422 799
5500 449 799
5501 465 799
5502 474 799
5503 486 799
5504 512 799
5505 526 799
5506 539 799
5507 546 799
5508 570 799
5509 583 799
5510 607 799
5511 613 799
5512 630 799
5513 658 799
5514 658 799
5515 687 799
5516 698 799
5517 712 799
5518 731 799
5519 749 799
5520 769 799
5521 771 799
5522 793 799
5523 808 799
5524 829 799
5525 848 799
5526 854 799
5527 869 799
5528 894 799
5529 907 799
5530 926 799
5531 942 799
5532 947 799
5533 972 799
5534 984 799
5535 999 799
5536 999 799
5537 999 799
5538 999 799
5539 999 799
5540 999 799
5541 999 799
5542 999 799
5543 999 799
5544 999 799
5545 999 799
5546 999 799
5547 999 799
5548 999 799
5549 2 799
5550 27 799
5551 46 799
5552 58 799
5553 72 799
5554 94 799
5555 109 799
5556 115 799
5557 145 799
5558 160 799
5559 174 799
5560 189 799
5561 199 799
5562 220 799
5563 226 799
5564 252 799
5565 270 799
5566 274 799
5567 297 799
5568 308 799
5569 328 799
5570 353 799
5571 357 799
5572 378 799
5573 398 799
5574 406 799
5575 423 799
5576 450 799
5577 461 799
5578 479 799
5579 492 799
5580 512 799
5581 514 799
5582 539 799
5583 558 799
5584 562 799
5585 590 799
5586 602 799
5587 624 799
5588 634 799
5589 655 799
5590 659 799
5591 685 799
5592 695 799
5593 720 799
5594 731 799
5595 750 799
5596 754 799
5597 784 799
5598 796 799
5599 803 799
5600 824 799
5601 840 799
5602 855 799
5603 879 799
5604 887 799
5605 903 799
5606 924 799
5607 939 799
5608 960 799
5609 974 799
5610 994 799
5611 998 799
5612 999 799
5613 999 799
5614 999 799
5615 999 799
5616 999 799
5617 999 799
5618 999 799
5619 999 799
5620 999 799
5621 999 799
5622 999 799
5623 999 799
5624 999 799
5625 12 799
5626 23 799
5627 45 799
5628 61 799
5629 69 799
5630 97 799
5631 112 799
5632 119 799
5633 140 799
5634 161 799
5635 165 799
5636 182 799
5637 202 799
5638 218 799
5639 228 799
5640 258 799
5641 270 799
5642 288 799
5643 291 799
5644 313 799
5645 330 799
5646 348 799
5647 359 799
5648 386 799
5649 395 799
5650 418 799
5651 419 799
5652 439 799
5653 464 799
5654 474 799
5655 497 799
5656 511 799
5657 520 799
5658 534 799
5659 547 799
5660 576 799
5661 578 799
5662 609 799
5663 616 799
5664 629 799
5665 644 799
5666 671 799
5667 675 799
5668 692 799
5669 710 799
5670 728 799
5671 738 799
5672 768 799
5673 776 799
5674 795 799
5675 809 799
5676 825 799
5677 842 799
5678 860 799
5679 879 799
5680 885 799
5681 908 799
5682 920 799
5683 939 799
5684 946 799
5685 972 799
5686 978 799
5687 999 799
5688 999 799
5689 999 799
5690 999 799
5691 999 799
5692 999 799
5693 999 799
5694 999 799
5695 999 799
5696 999 799
5697 999 799
5698 999 799
5699 999 799
5700 999 799
5701 10 799
5702 34 799
5703 45 799
5704 64 799
5705 79 799
5706 92 799
5707 109 799
5708 124 799
5709 136 799
5710 152 799
5711 172 799
5712 182 799
5713 194 799
5714 223 799
5715 242 799
5716 251 799
5717 260 799
5718 280 799
5719 301 799
5720 318 799
5721 329 799
5722 346 799
5723 364 799
5724 374 799
5725 390 799
5726 417 799
5727 428 799
5728 446 799
5729 454 799
5730 469 799
5731 496 799
5732 513 799
5733 529 799
5734 546 799
5735 562 799
5736 566 799
5737 581 799
5738 608 799
5739 614 799
5740 639 799
5741 655 799
5742 666 799
5743 687 799
5744 702 799
5745 714 799
5746 723 799
5747 753 799
5748 755 799
5749 779 799
5750 791 799
5751 804 799
5752 829 799
5753 840 799
5754 855 799
5755 874 799
5756 890 799
5757 911 799
5758 927 799
5759 939 799
5760 949 799
5761 971 799
5762 993 799
5763 998 799
5764 999 799
5765 999 799
5766 999 799
5767 999 799
5768 999 799
5769 999 799
5770 999 799
5771 999 799
5772 999 799
5773 999 799
5774 999 799
5775 999 799
5776 999 799
5777 5 799
5778 31 799
5779 50 799
5780 61 799
5781 68 799
5782 94 799
5783 113 799
5784 121 799
5785 138 799
5786 150 799
5787 171 799
5788 181 799
5789 208 799
5790 215 799
5791 238 799
5792 253 799
5793 268 799
5794 284 799
5795 301 799
5796 322 799
5797 335 799
5798 339 799
5799 367 799
5800 370 799
5801 393 799
5802 404 799
5803 419 799
5804 441 799
5805 453 799
5806 469 799
5807 482 799
5808 505 799
5809 524 799
5810 537 799
5811 546 799
5812 572 799
5813 592 799
5814 598 799
5815 625 799
5816 629 799
5817 658 799
5818 674 799
5819 685 799
5820 706 799
5821 709 799
5822 724 799
5823 746 799
5824 755 799
5825 775 799
5826 799 799
5827 815 799
5828 824 799
5829 841 799
5830 861 799
5831 874 799
5832 886 799
5833 907 799
5834 914 799
5835 935 799
5836 957 799
5837 974 799
5838 979 799
5839 999 799
5840 999 799
5841 999 799
5842 999 799
5843 999 799
5844 999 799
5845 999 799
5846 999 799
5847 999 799
5848 999 799
5849 999 799
5850 999 799
5851 999 799
5852 999 799
5853 2 799
5854 24 799
5855 44 799
5856 56 799
5857 66 799
5858 96 799
5859 100 799
5860 119 799
5861 143 799
5862 156 799
5863 170 799
5864 194 799
5865 196 799
5866 218 799
5867 231 799
5868 257 799
5869 267 799
5870 277 799
5871 302 799
5872 316 799
5873 326 799
5874 343 799
5875 357 799
5876 377 799
5877 393 799
5878 403 799
5879 424 799
5880 434 799
5881 456 799
5882 468 799
5883 485 799
5884 504 799
5885 528 799
5886 533 799
5887 560 799
5888 575 799
5889 580 799
5890 601 799
5891 610 799
5892 632 799
5893 643 799
5894 669 799
5895 679 799
5896 701 799
5897 721 799
5898 727 799
5899 744 799
5900 764 799
5901 771 799
5902 800 799
5903 810 799
5904 822 799
5905 835 799
5906 850 799
5907 867 799
5908 892 799
5909 903 799
5910 914 799
5911 940 799
5912 951 799
5913 964 799
5914 982 799
5915 998 799
