1 230 204
2 721 425
3 201 102
4 949 678
5 876 325
6 770 755
7 831 753
8 216 235
9 675 619
10 453 194
11 943 627
12 914 132
13 975 54
14 728 446
15 84 568
16 310 234
17 822 101
18 387 211
19 972 621
20 476 554
21 792 791
22 927 560
23 567 799
24 310 629
25 698 577
26 830 714
27 970 744
28 527 357
29 340 444
30 557 107
31 398 312
32 763 133
33 97 381
34 121 563
35 553 762
36 321 718
37 297 608
38 450 763
39 856 171
40 598 781
41 757 754
42 859 290
43 879 333
44 323 713
45 599 752
46 923 333
47 219 274
48 293 320
49 225 608
50 603 72
51 877 484
52 232 596
53 400 745
54 595 167
55 479 458
56 589 101
57 957 464
58 376 365
59 531 320
60 286 543
61 153 183
62 104 489
63 29 723
64 678 763
65 466 39
66 728 76
67 610 405
68 99 120
69 709 91
70 962 758
71 821 90
72 411 21
73 351 637
74 459 511
75 966 669
76 869 660
77 473 738
78 938 518
79 501 496
80 715 396
81 253 512
82 743 344
83 844 395
84 516 359
85 481 180
86 746 333
87 438 270
88 858 31
89 817 62
90 261 186
91 444 31
92 988 503
93 179 722
94 622 549
95 569 361
96 649 71
97 398 373
98 695 144
99 370 785
100 181 685
101 279 8
102 157 592
103 90 362
104 386 108
105 65 718
106 830 338
107 359 385
108 50 170
109 651 91
110 250 753
111 871 664
112 880 24
113 575 526
114 17 776
115 643 541
116 669 668
117 896 322
118 953 347
119 882 198
120 538 581
121 516 389
122 621 536
123 620 180
124 729 733
125 416 385
126 529 204
127 731 192
128 985 359
129 129 101
130 164 346
131 435 332
132 492 310
133 228 795
134 527 764
135 528 492
136 330 322
137 575 419
138 424 308
139 208 167
140 409 279
141 927 80
142 554 129
143 148 330
144 104 525
145 418 403
146 305 604
147 83 84
148 290 81
149 994 186
150 442 501
151 698 619
152 388 641
153 150 100
154 680 165
155 815 480
156 240 736
157 717 652
158 505 267
159 861 264
160 239 652
161 889 696
162 537 19
163 310 460
164 320 376
165 233 258
166 391 780
167 767 626
168 650 123
169 712 602
170 10 18
171 732 718
172 841 654
173 263 307
174 37 214
175 599 765
176 240 530
177 993 501
178 736 662
179 236 290
180 491 460
181 805 168
182 973 393
183 209 212
184 153 747
185 164 281
186 621 86
187 320 173
188 82 793
189 29 576
190 761 740
191 537 41
192 870 221
193 83 582
194 981 111
195 46 658
196 917 279
197 261 348
198 217 417
199 923 279
200 608 798
201 231 82
202 104 198
203 334 105
204 342 621
205 544 595
206 798 412
207 602 452
208 37 602
209 340 557
210 408 385
211 284 10
212 888 272
213 433 217
214 846 708
215 999 448
216 68 544
217 112 611
218 693 347
219 947 497
220 942 760
221 385 163
222 594 241
223 24 321
224 747 557
225 397 370
226 182 181
227 940 101
228 713 174
229 214 610
230 814 49
231 286 365
232 776 787
233 675 94
234 404 670
235 871 482
236 806 574
237 755 366
238 96 63
239 418 469
240 316 25
241 524 119
242 487 429
243 377 673
244 739 788
245 50 380
246 219 147
247 807 703
248 664 742
249 427 488
250 626 725
251 997 727
252 824 635
253 657 371
254 471 386
255 30 507
256 799 502
257 446 625
258 537 108
259 969 192
260 606 666
261 378 334
262 787 317
263 383 497
264 910 700
265 792 134
266 651 646
267 960 327
268 34 492
269 325 554
270 879 730
271 370 204
272 954 333
273 675 473
274 737 20
275 342 422
276 958 149
277 3 634
278 527 463
279 121 342
280 410 28
281 554 476
282 690 690
283 981 793
284 668 29
285 747 737
286 810 220
287 361 554
288 462 98
289 463 296
290 721 633
291 883 707
292 533 211
293 209 371
294 805 133
295 881 364
296 493 718
297 283 674
298 359 619
299 565 73
300 434 547
301 923 560
302 278 336
303 717 546
304 826 247
305 330 323
306 115 600
307 706 494
308 152 535
309 62 340
310 653 413
311 186 400
312 155 233
313 427 730
314 992 414
315 334 550
316 557 297
317 935 29
318 869 146
319 606 90
320 546 420
321 638 396
322 836 381
323 340 594
324 191 531
325 690 551
326 712 111
327 439 734
328 497 337
329 544 789
330 992 644
331 690 246
332 975 514
333 847 594
334 815 535
335 749 775
336 62 759
337 879 101
338 878 553
339 664 543
340 950 548
341 721 262
342 827 515
343 975 334
344 932 14
345 540 357
346 638 496
347 120 592
348 835 264
349 519 155
350 629 477
351 927 417
352 915 577
353 627 610
354 260 249
355 39 644
356 757 692
357 35 245
358 83 290
359 481 265
360 667 343
361 811 638
362 129 241
363 330 354
364 828 110
365 291 438
366 171 376
367 50 282
368 758 159
369 412 84
370 16 170
371 157 496
372 978 587
373 689 618
374 584 651
375 657 378
376 849 150
377 526 159
378 786 103
379 392 490
380 390 147
381 933 97
382 20 393
383 634 230
384 814 546
385 548 706
386 950 300
387 314 363
388 272 152
389 819 316
390 612 445
391 858 11
392 480 655
393 698 787
394 943 680
395 566 502
396 807 639
397 715 665
398 278 28
399 600 389
400 100 321
401 958 721
402 265 619
403 522 378
404 873 58
405 926 476
406 310 797
407 1 666
408 326 735
409 641 161
410 792 520
411 344 770
412 115 736
413 76 121
414 660 386
415 175 189
416 590 265
417 295 168
418 598 765
419 749 565
420 296 180
421 110 696
422 924 776
423 318 648
424 797 705
425 505 287
426 393 319
427 694 359
428 57 796
429 785 276
430 698 297
431 813 312
432 897 551
433 5 782
434 702 632
435 235 295
436 169 748
437 905 454
438 539 379
439 38 115
440 601 212
441 353 623
442 976 652
443 843 152
444 638 676
445 153 482
446 171 323
447 8 739
448 411 576
449 973 188
450 965 272
451 107 5
452 646 109
453 190 366
454 493 101
455 910 466
456 956 512
457 743 345
458 17 27
459 413 65
460 845 651
461 339 685
462 637 506
463 197 611
464 926 784
465 155 654
466 500 642
467 179 208
468 158 277
469 132 672
470 625 308
471 697 409
472 934 455
473 646 424
474 661 461
475 906 302
476 307 713
477 390 120
478 1 200
479 369 10
480 938 340
481 531 410
482 970 73
483 83 122
484 460 386
485 273 537
486 901 458
487 456 367
488 117 662
489 922 54
490 986 533
491 103 280
492 73 622
493 511 486
494 412 23
495 259 725
496 976 95
497 901 159
498 854 147
499 540 673
500 486 394
501 70 142
502 302 188
503 476 587
504 435 744
505 32 138
506 328 241
507 26 217
508 322 144
509 439 154
510 581 379
511 740 345
512 223 293
513 695 625
514 671 205
515 604 747
516 288 64
517 581 395
518 596 740
519 48 671
520 302 621
521 173 385
522 996 69
523 579 540
524 92 503
525 877 539
526 744 278
527 260 9
528 752 510
529 954 748
530 540 555
531 62 142
532 326 78
533 884 197
534 719 426
535 675 317
536 132 480
537 890 643
538 301 206
539 435 109
540 787 15
541 689 33
542 380 744
543 189 752
544 820 455
545 741 766
546 970 90
547 298 486
548 714 795
549 155 718
550 202 265
551 955 447
552 954 384
553 541 115
554 456 365
555 710 395
556 203 654
557 148 416
558 4 16
559 798 316
560 909 755
561 427 119
562 791 573
563 426 15
564 301 226
565 89 244
566 102 429
567 934 364
568 64 103
569 87 719
570 388 35
571 483 290
572 858 197
573 755 121
574 964 622
575 602 554
576 196 608
577 988 206
578 905 644
579 767 189
580 53 417
581 843 139
582 367 323
583 391 532
584 883 554
585 456 700
586 933 718
587 6 691
588 460 51
589 290 435
590 961 219
591 54 418
592 680 316
593 109 273
594 548 541
595 550 206
596 362 680
597 846 693
598 201 247
599 995 363
600 855 71
601 268 217
602 322 582
603 759 238
604 753 99
605 797 672
606 515 178
607 275 623
608 467 256
609 493 777
610 294 39
611 117 165
612 142 158
613 512 66
614 52 112
615 662 120
616 68 669
617 688 698
618 5 626
619 200 761
620 636 649
621 588 339
622 878 567
623 743 111
624 574 53
625 398 705
626 816 19
627 159 645
628 971 48
629 129 99
630 215 541
631 246 490
632 461 518
633 772 542
634 534 322
635 774 547
636 120 433
637 335 386
638 460 554
639 329 346
640 454 299
641 508 788
642 741 625
643 334 35
644 676 705
645 900 755
646 653 60
647 737 767
648 564 780
649 963 184
650 936 51
651 603 137
652 292 571
653 761 219
654 688 540
655 346 223
656 732 557
657 669 672
658 168 208
659 871 543
660 313 582
661 1 522
662 502 663
663 31 35
664 804 300
665 918 387
666 729 78
667 495 312
668 769 268
669 692 21
670 20 47
671 355 0
672 535 497
673 212 765
674 405 717
675 790 243
676 104 227
677 917 167
678 62 760
679 669 370
680 682 573
681 470 249
682 756 689
683 549 507
684 200 223
685 71 665
686 568 675
687 658 203
688 372 0
689 117 704
690 617 60
691 638 726
692 585 491
693 379 356
694 180 229
695 327 655
696 666 184
697 344 243
698 588 34
699 244 539
700 72 462
701 755 100
702 825 766
703 736 208
704 625 530
705 836 49
706 833 631
707 845 485
708 77 450
709 726 113
710 482 83
711 453 731
712 952 201
713 166 270
714 498 284
715 665 262
716 756 354
717 808 31
718 319 410
719 82 501
720 878 95
721 819 413
722 450 211
723 985 701
724 384 589
725 226 20
726 316 81
727 191 774
728 125 673
729 173 458
730 791 318
731 761 216
732 998 406
733 306 311
734 981 644
735 287 451
736 480 79
737 263 290
738 284 749
739 463 550
740 266 231
741 953 609
742 128 511
743 12 523
744 252 672
745 913 382
746 339 407
747 835 384
748 356 439
749 518 753
750 958 476
751 895 462
752 449 529
753 545 173
754 838 662
755 683 150
756 377 388
757 306 401
758 445 0
759 141 287
760 496 521
761 137 113
762 892 647
763 224 776
764 263 626
765 6 587
766 417 417
767 729 536
768 394 299
769 311 373
770 94 635
771 815 339
772 156 580
773 100 683
774 202 266
775 35 285
776 408 127
777 445 244
778 457 602
779 686 512
780 436 459
781 953 44
782 821 758
783 770 684
784 755 508
785 107 56
786 688 539
787 264 561
788 836 571
789 984 133
790 708 295
791 768 744
792 747 519
793 326 206
794 75 338
795 212 512
796 687 537
797 30 416
798 841 607
799 602 166
800 954 196
801 99 453
802 225 771
803 668 587
804 894 595
805 469 595
806 768 415
807 932 53
808 806 18
809 308 137
810 622 409
811 779 265
812 422 373
813 383 13
814 643 595
815 860 61
816 111 621
817 212 370
818 270 160
819 704 626
820 981 473
821 363 264
822 953 374
823 872 134
824 739 770
825 714 654
826 451 344
827 585 353
828 465 613
829 144 606
830 581 521
831 91 120
832 884 314
833 632 793
834 307 375
835 796 483
836 318 420
837 189 24
838 148 359
839 378 763
840 594 171
841 277 544
842 29 34
843 624 544
844 190 615
845 998 402
846 57 756
847 201 264
848 500 170
849 446 448
850 836 703
851 860 216
852 166 87
853 499 741
854 240 444
855 293 13
856 388 151
857 163 293
858 373 328
859 120 673
860 768 761
861 801 429
862 471 234
863 547 297
864 324 687
865 529 748
866 2 654
867 118 572
868 354 5
869 513 736
870 543 558
871 439 508
872 476 785
873 115 693
874 782 667
875 956 71
876 92 483
877 792 707
878 78 258
879 799 699
880 561 101
881 602 305
882 25 286
883 14 456
884 71 358
885 12 293
886 897 160
887 298 55
888 512 132
889 61 391
890 177 544
891 589 391
892 902 352
893 843 317
894 25 187
895 636 24
896 208 511
897 358 333
898 96 46
899 609 94
900 967 436
901 795 267
902 821 472
903 191 713
904 306 578
905 372 730
906 262 247
907 696 705
908 537 89
909 478 468
910 514 493
911 544 670
912 812 785
913 158 207
914 841 705
915 973 362
916 555 754
917 521 505
918 884 204
919 668 250
920 248 761
921 91 241
922 861 578
923 768 718
924 942 382
925 879 787
926 580 19
927 603 280
928 0 766
929 521 671
930 432 746
931 50 339
932 749 734
933 357 255
934 788 51
935 996 225
936 444 132
937 337 450
938 525 194
939 975 71
940 213 207
941 316 290
942 2 791
943 873 424
944 339 136
945 632 741
946 733 662
947 880 252
948 900 533
949 552 754
950 365 359
951 110 702
952 480 478
953 539 331
954 687 32
955 825 605
956 982 346
957 625 137
958 616 549
959 421 608
960 44 661
961 979 493
962 432 56
963 547 492
964 284 17
965 662 686
966 689 25
967 723 611
968 149 350
969 882 323
970 449 367
971 844 239
972 345 699
973 944 240
974 202 566
975 698 170
976 245 634
977 898 431
978 470 394
979 445 328
980 49 739
981 129 532
982 377 773
983 67 759
984 709 688
985 22 142
986 804 13
987 310 468
988 982 543
989 271 446
990 126 197
991 412 461
992 323 359
993 613 717
994 134 147
995 294 525
996 992 377
997 354 420
998 329 143
999 922 303
1000 807 795
1001 591 273
1002 686 416
1003 409 183
1004 482 250
1005 556 632
1006 221 710
1007 284 642
1008 511 442
1009 341 742
1010 353 136
1011 815 419
1012 566 292
1013 184 265
1014 661 628
1015 255 642
1016 757 713
1017 750 105
1018 655 56
1019 890 641
1020 39 307
1021 415 657
1022 628 403
1023 435 83
1024 187 441
1025 13 621
1026 837 794
1027 26 509
1028 178 54
1029 774 256
1030 336 61
1031 567 557
1032 56 602
1033 33 263
1034 137 121
1035 147 352
1036 662 432
1037 888 775
1038 755 795
1039 895 50
1040 929 64
1041 144 87
1042 771 383
1043 966 610
1044 865 91
1045 953 470
1046 296 455
1047 465 770
1048 816 574
1049 764 700
1050 470 84
1051 967 28
1052 404 458
1053 114 237
1054 105 45
1055 881 147
1056 172 569
1057 390 204
1058 932 366
1059 925 462
1060 786 215
1061 463 18
1062 198 448
1063 144 74
1064 74 740
1065 152 29
1066 229 15
1067 592 659
1068 113 87
1069 705 158
1070 364 535
1071 658 646
1072 232 615
1073 415 467
1074 178 167
1075 30 286
1076 792 149
1077 89 160
1078 642 754
1079 837 675
1080 429 16
1081 222 143
1082 905 675
1083 954 122
1084 120 453
1085 142 658
1086 752 582
1087 212 93
1088 611 524
1089 790 342
1090 145 448
1091 915 691
1092 894 634
1093 244 33
1094 930 312
1095 181 135
1096 271 688
1097 768 275
1098 446 382
1099 903 310
1100 815 209
1101 464 488
1102 67 165
1103 606 51
1104 974 777
1105 589 788
1106 152 327
1107 699 695
1108 105 286
1109 285 89
1110 599 729
1111 222 583
1112 385 778
1113 552 713
1114 959 694
1115 670 106
1116 752 321
1117 612 706
1118 96 243
1119 797 549
1120 187 144
1121 68 766
1122 801 156
1123 17 689
1124 162 719
1125 239 70
1126 193 633
1127 789 722
1128 39 588
1129 225 75
1130 655 571
1131 104 84
1132 302 365
1133 233 599
1134 796 653
1135 773 640
1136 561 478
1137 923 335
1138 843 212
1139 927 151
1140 955 551
1141 729 48
1142 628 465
1143 939 768
1144 613 567
1145 843 288
1146 78 562
1147 32 378
1148 75 769
1149 655 276
1150 962 213
1151 65 276
1152 125 350
1153 527 476
1154 867 295
1155 59 619
1156 808 28
1157 138 772
1158 985 35
1159 477 576
1160 516 217
1161 136 69
1162 973 329
1163 722 686
1164 565 360
1165 343 705
1166 609 465
1167 227 550
1168 623 306
1169 934 152
1170 54 275
1171 93 194
1172 649 55
1173 552 33
1174 563 53
1175 487 24
1176 484 748
1177 828 551
1178 130 782
1179 372 570
1180 715 534
1181 30 333
1182 26 142
1183 164 181
1184 808 360
1185 341 481
1186 109 229
1187 665 137
1188 179 714
1189 438 723
1190 859 544
1191 294 398
1192 963 250
1193 397 539
1194 752 430
1195 557 516
1196 11 176
1197 474 309
1198 314 541
1199 217 377
1200 904 260
1201 233 90
1202 725 708
1203 921 157
1204 270 525
1205 510 190
1206 540 374
1207 853 28
1208 373 425
1209 453 570
1210 780 392
1211 473 216
1212 893 556
1213 590 710
1214 813 223
1215 858 402
1216 675 773
1217 999 427
1218 447 145
1219 772 61
1220 391 160
1221 403 77
1222 27 255
1223 104 434
1224 367 351
1225 12 625
1226 223 403
1227 690 331
1228 852 770
1229 218 23
1230 295 26
1231 384 793
1232 797 6
1233 562 459
1234 468 255
1235 588 153
1236 759 300
1237 321 464
1238 86 301
1239 243 459
1240 591 38
1241 520 299
1242 266 61
1243 279 137
1244 276 468
1245 681 387
1246 963 594
1247 782 286
1248 815 329
1249 298 15
1250 757 424
1251 73 38
1252 850 657
1253 22 677
1254 182 87
1255 326 380
1256 718 515
1257 438 197
1258 511 7
1259 725 577
1260 727 312
1261 297 706
1262 638 83
1263 228 13
1264 593 770
1265 764 539
1266 77 179
1267 817 48
1268 974 378
1269 523 355
1270 54 346
1271 989 133
1272 259 164
1273 765 255
1274 304 427
1275 846 644
1276 687 462
1277 291 293
1278 233 152
1279 409 597
1280 593 4
1281 253 175
1282 345 522
1283 397 395
1284 827 302
1285 273 31
1286 486 224
1287 667 236
1288 401 104
1289 623 345
1290 338 727
1291 712 47
1292 116 766
1293 987 400
1294 932 360
1295 826 626
1296 62 621
1297 851 39
1298 179 616
1299 821 485
1300 808 216
1301 491 740
1302 261 646
1303 320 325
1304 910 797
1305 965 81
1306 567 782
1307 408 547
1308 292 155
1309 102 309
1310 665 717
1311 562 300
1312 551 391
1313 975 567
1314 428 494
1315 115 504
1316 310 13
1317 623 53
1318 417 629
1319 797 246
1320 638 464
1321 589 748
1322 485 579
1323 216 68
1324 368 134
1325 756 788
1326 667 347
1327 941 728
1328 708 92
1329 374 617
1330 832 488
1331 978 234
1332 881 267
1333 792 439
1334 354 273
1335 266 404
1336 395 635
1337 748 67
1338 307 501
1339 890 661
1340 273 712
1341 341 208
1342 861 103
1343 963 700
1344 75 570
1345 358 241
1346 411 21
1347 475 22
1348 602 237
1349 54 121
1350 932 532
1351 731 21
1352 901 200
1353 589 698
1354 686 685
1355 603 65
1356 225 438
1357 497 753
1358 269 573
1359 431 601
1360 371 733
1361 474 513
1362 982 772
1363 94 295
1364 318 576
1365 481 8
1366 572 590
1367 894 486
1368 159 251
1369 359 488
1370 540 71
1371 189 175
1372 108 222
1373 75 690
1374 528 427
1375 757 708
1376 865 242
1377 780 12
1378 192 71
1379 44 748
1380 156 176
1381 554 772
1382 375 474
1383 508 389
1384 653 712
1385 781 764
1386 357 656
1387 211 225
1388 727 204
1389 532 563
1390 889 184
1391 841 627
1392 962 476
1393 144 215
1394 957 703
1395 415 56
1396 269 338
1397 454 256
1398 535 179
1399 843 412
1400 769 470
1401 210 510
1402 753 641
1403 528 36
1404 91 399
1405 288 749
1406 557 271
1407 47 740
1408 379 616
1409 2 623
1410 449 191
1411 529 619
1412 474 569
1413 685 747
1414 366 712
1415 746 402
1416 411 13
1417 935 240
1418 20 162
1419 30 128
1420 68 79
1421 178 366
1422 591 382
1423 513 744
1424 376 422
1425 940 611
1426 221 51
1427 65 424
1428 58 349
1429 163 33
1430 116 475
1431 678 160
1432 753 627
1433 525 431
1434 403 596
1435 905 141
1436 739 673
1437 710 280
1438 60 57
1439 182 797
1440 198 604
1441 557 670
1442 950 785
1443 282 277
1444 951 324
1445 242 466
1446 38 791
1447 44 379
1448 420 781
1449 704 645
1450 952 778
1451 526 504
1452 622 611
1453 24 303
1454 353 572
1455 469 789
1456 253 133
1457 843 288
1458 36 672
1459 250 617
1460 502 143
1461 588 798
1462 503 257
1463 137 600
1464 797 189
1465 929 66
1466 366 300
1467 43 179
1468 228 741
1469 215 148
1470 957 722
1471 992 188
1472 935 204
1473 329 697
1474 145 546
1475 437 463
1476 727 746
1477 304 618
1478 384 422
1479 126 240
1480 626 218
1481 581 93
1482 785 308
1483 620 702
1484 123 495
1485 132 87
1486 625 51
1487 813 479
1488 187 282
1489 62 198
1490 992 212
1491 605 91
1492 798 280
1493 356 346
1494 71 216
1495 839 560
1496 801 731
1497 558 547
1498 321 700
1499 449 439
1500 635 361
1501 747 420
1502 550 263
1503 953 529
1504 119 564
1505 586 25
1506 465 702
1507 307 288
1508 667 373
1509 318 348
1510 29 149
1511 806 682
1512 779 344
1513 307 568
1514 505 104
1515 277 249
1516 902 410
1517 613 433
1518 518 63
1519 564 375
1520 396 554
1521 313 292
1522 684 646
1523 235 738
1524 607 158
1525 15 683
1526 556 11
1527 519 358
1528 644 715
1529 746 95
1530 21 194
1531 156 791
1532 428 219
1533 129 761
1534 264 612
1535 842 470
1536 902 679
1537 38 268
1538 874 352
1539 168 777
1540 195 307
1541 103 246
1542 114 338
1543 755 710
1544 992 132
1545 896 498
1546 332 355
1547 448 123
1548 537 258
1549 937 328
1550 678 226
1551 659 672
1552 355 341
1553 951 565
1554 976 146
1555 573 162
1556 726 620
1557 924 509
1558 139 679
1559 875 4
1560 518 193
1561 959 78
1562 869 174
1563 256 366
1564 401 707
1565 799 440
1566 503 605
1567 293 729
1568 724 210
1569 952 549
1570 471 38
1571 911 647
1572 591 554
1573 896 445
1574 520 648
1575 14 550
1576 448 746
1577 892 349
1578 323 448
1579 971 109
1580 171 394
1581 305 72
1582 384 18
1583 699 775
1584 482 9
1585 912 701
1586 896 150
1587 533 375
1588 329 120
1589 506 140
1590 321 559
1591 938 472
1592 870 88
1593 102 456
1594 865 684
1595 588 131
1596 290 651
1597 515 782
1598 742 656
1599 424 455
1600 993 741
1601 74 406
1602 898 110
1603 791 207
1604 398 337
1605 107 138
1606 54 636
1607 815 377
1608 555 572
1609 221 219
1610 920 103
1611 104 500
1612 424 598
1613 586 65
1614 672 444
1615 727 406
1616 726 750
1617 182 315
1618 624 344
1619 692 585
1620 319 674
1621 172 354
1622 748 331
1623 110 395
1624 999 35
1625 422 21
1626 599 120
1627 648 691
1628 822 358
1629 83 120
1630 552 567
1631 587 673
1632 694 479
1633 447 92
1634 613 336
1635 847 100
1636 23 391
1637 955 62
1638 956 529
1639 877 7
1640 638 73
1641 82 502
1642 133 560
1643 909 460
1644 289 254
1645 571 140
1646 346 433
1647 180 487
1648 255 263
1649 747 119
1650 967 795
1651 880 463
1652 196 237
1653 3 88
1654 195 456
1655 907 129
1656 570 59
1657 511 368
1658 627 767
1659 708 795
1660 689 697
1661 826 236
1662 848 537
1663 778 385
1664 308 276
1665 822 501
1666 913 582
1667 41 515
1668 211 402
1669 432 669
1670 696 638
1671 380 575
1672 410 328
1673 604 217
1674 30 575
1675 981 236
1676 621 602
1677 459 77
1678 167 467
1679 730 419
1680 518 418
1681 801 679
1682 747 224
1683 247 674
1684 32 694
1685 249 100
1686 526 697
1687 298 713
1688 490 85
1689 885 350
1690 66 405
1691 451 471
1692 364 421
1693 5 128
1694 268 756
1695 476 501
1696 772 725
1697 318 139
1698 996 424
1699 971 103
1700 162 609
1701 239 129
1702 470 685
1703 769 599
1704 454 454
1705 605 48
1706 698 234
1707 458 9
1708 71 170
1709 485 176
1710 274 69
1711 574 70
1712 391 497
1713 352 495
1714 553 99
1715 895 767
1716 135 604
1717 275 243
1718 267 231
1719 118 406
1720 757 204
1721 705 560
1722 339 332
1723 928 383
1724 449 245
1725 102 626
1726 45 600
1727 854 60
1728 187 121
1729 771 678
1730 503 119
1731 196 264
1732 672 516
1733 925 753
1734 17 122
1735 744 625
1736 94 781
1737 463 14
1738 381 699
1739 748 779
1740 693 698
1741 170 197
1742 22 89
1743 913 307
1744 901 159
1745 117 92
1746 517 216
1747 4 486
1748 59 299
1749 27 555
1750 490 788
1751 461 236
1752 562 256
1753 689 55
1754 286 668
1755 693 250
1756 403 636
1757 154 503
1758 979 759
1759 308 448
1760 731 432
1761 40 654
1762 35 502
1763 264 658
1764 972 685
1765 959 5
1766 846 43
1767 484 566
1768 411 699
1769 684 561
1770 421 675
1771 97 52
1772 506 644
1773 713 577
1774 116 299
1775 628 87
1776 66 373
1777 962 759
1778 945 515
1779 260 747
1780 55 692
1781 96 344
1782 877 549
1783 465 279
1784 312 357
1785 217 83
1786 265 484
1787 139 709
1788 443 780
1789 311 184
1790 915 434
1791 707 477
1792 227 679
1793 940 304
1794 91 427
1795 762 614
1796 614 600
1797 646 444
1798 748 533
1799 187 655
1800 339 291
1801 409 535
1802 156 419
1803 844 368
1804 327 60
1805 505 775
1806 332 23
1807 18 410
1808 158 399
1809 202 22
1810 746 68
1811 257 622
1812 684 360
1813 489 411
1814 959 466
1815 138 621
1816 787 393
1817 891 440
1818 132 30
1819 440 563
1820 4 383
1821 53 12
1822 28 633
1823 435 468
1824 731 106
1825 397 199
1826 464 128
1827 73 203
1828 107 505
1829 984 565
1830 34 263
1831 501 594
1832 937 583
1833 182 672
1834 137 374
1835 380 96
1836 58 398
1837 23 213
1838 31 192
1839 749 713
1840 14 723
1841 783 660
1842 186 711
1843 313 502
1844 418 509
1845 443 400
1846 53 587
1847 669 540
1848 978 247
1849 78 239
1850 610 476
1851 447 210
1852 752 221
1853 190 772
1854 136 645
1855 222 692
1856 882 73
1857 691 104
1858 546 539
1859 557 38
1860 415 443
1861 421 400
1862 24 703
1863 66 259
1864 829 278
1865 288 577
1866 162 360
1867 281 335
1868 456 415
1869 73 727
1870 698 278
1871 490 489
1872 415 462
1873 618 769
1874 41 431
1875 128 242
1876 752 24
1877 883 44
1878 173 757
1879 239 698
1880 210 692
1881 136 630
1882 518 400
1883 703 345
1884 810 218
1885 673 21
1886 601 518
1887 349 54
1888 63 647
1889 85 357
1890 260 83
1891 282 232
1892 219 787
1893 969 105
1894 566 180
1895 245 407
1896 280 159
1897 698 666
1898 211 561
1899 94 731
1900 874 149
1901 151 615
1902 865 81
1903 701 83
1904 680 652
1905 992 291
1906 861 634
1907 612 84
1908 582 676
1909 569 426
1910 530 457
1911 864 467
1912 27 131
1913 746 321
1914 950 413
1915 856 289
1916 714 136
1917 572 58
1918 953 410
1919 425 93
1920 282 692
1921 451 600
1922 233 704
1923 647 390
1924 587 473
1925 249 292
1926 133 448
1927 384 242
1928 322 453
1929 742 560
1930 355 240
1931 153 130
1932 959 504
1933 649 552
1934 220 431
1935 152 55
1936 420 361
1937 250 531
1938 120 91
1939 350 117
1940 516 207
1941 814 286
1942 267 392
1943 228 123
1944 786 215
1945 751 309
1946 771 579
1947 761 786
1948 712 230
1949 791 482
1950 230 765
1951 266 38
1952 439 144
1953 945 545
1954 309 576
1955 182 166
1956 216 476
1957 183 77
1958 485 636
1959 896 375
1960 402 396
1961 905 761
1962 787 612
1963 298 556
1964 689 214
1965 951 666
1966 322 597
1967 915 448
1968 992 613
1969 918 69
1970 545 437
1971 844 52
1972 87 434
1973 170 140
1974 541 532
1975 497 733
1976 391 258
1977 200 588
1978 51 252
1979 260 539
1980 882 199
1981 991 33
1982 768 279
1983 886 375
1984 679 498
1985 104 574
1986 877 647
1987 923 684
1988 650 671
1989 864 195
1990 594 98
1991 154 19
1992 770 27
1993 441 799
1994 546 144
1995 508 541
1996 506 194
1997 204 237
1998 555 642
1999 297 589
2000 656 561
2001 495 734
2002 560 623
2003 39 465
2004 399 275
2005 84 169
2006 451 12
2007 80 607
2008 94 773
2009 271 586
2010 908 709
2011 922 399
2012 114 342
2013 211 506
2014 604 501
2015 300 677
2016 542 101
2017 588 714
2018 627 189
2019 464 792
2020 995 687
2021 599 161
2022 96 236
2023 225 392
2024 163 356
2025 201 471
2026 531 450
2027 829 615
2028 779 797
2029 803 105
2030 567 324
2031 976 618
2032 44 189
2033 670 259
2034 427 150
2035 131 686
2036 501 224
2037 738 38
2038 287 575
2039 402 654
2040 203 576
2041 470 127
2042 424 569
2043 315 783
2044 297 654
2045 112 504
2046 432 266
2047 423 471
2048 882 661
2049 157 686
2050 626 720
2051 64 780
2052 313 274
2053 87 201
2054 824 624
2055 481 47
2056 593 788
2057 928 677
2058 936 654
2059 348 266
2060 921 553
2061 26 486
2062 74 400
2063 425 135
2064 856 119
2065 165 369
2066 562 435
2067 192 241
2068 656 395
2069 845 65
2070 624 50
2071 154 413
2072 336 42
2073 37 358
2074 403 461
2075 652 51
2076 478 659
2077 936 747
2078 874 364
2079 901 650
2080 918 734
2081 395 539
2082 614 16
2083 497 39
2084 792 501
2085 190 353
2086 972 213
2087 708 686
2088 537 407
2089 271 17
2090 463 782
2091 765 223
2092 497 80
2093 983 590
2094 607 206
2095 428 160
2096 592 25
2097 163 565
2098 668 383
2099 902 252
2100 555 790
2101 654 622
2102 386 168
2103 92 168
2104 115 62
2105 397 291
2106 183 703
2107 350 752
2108 152 92
2109 177 411
2110 37 608
2111 441 428
2112 197 791
2113 849 752
2114 103 1
2115 189 46
2116 607 764
2117 466 379
2118 322 790
2119 893 229
2120 8 617
2121 621 423
2122 859 51
2123 17 570
2124 682 178
2125 553 442
2126 301 310
2127 278 635
2128 546 95
2129 579 317
2130 361 121
2131 107 90
2132 888 271
2133 757 182
2134 412 700
2135 617 132
2136 222 712
2137 505 212
2138 138 729
2139 675 107
2140 971 108
2141 258 704
2142 448 509
2143 756 175
2144 677 537
2145 927 162
2146 408 396
2147 924 685
2148 664 406
2149 640 415
2150 306 631
2151 300 645
2152 605 310
2153 329 328
2154 882 10
2155 656 507
2156 444 356
2157 425 180
2158 893 181
2159 664 201
2160 583 430
2161 550 593
2162 948 331
2163 756 581
2164 966 519
2165 601 504
2166 271 124
2167 827 145
2168 835 361
2169 275 48
2170 307 276
2171 337 531
2172 15 234
2173 758 770
2174 70 559
2175 962 350
2176 843 311
2177 936 614
2178 239 447
2179 858 152
2180 631 482
2181 444 185
2182 411 20
2183 362 231
2184 617 194
2185 390 354
2186 951 483
2187 943 190
2188 200 708
2189 726 524
2190 656 635
2191 656 213
2192 687 130
2193 786 706
2194 219 47
2195 942 220
2196 592 67
2197 428 563
2198 901 83
2199 253 791
2200 930 375
2201 344 661
2202 307 415
2203 486 191
2204 445 558
2205 567 283
2206 833 162
2207 534 669
2208 946 141
2209 544 198
2210 239 383
2211 69 446
2212 300 91
2213 849 692
2214 175 191
2215 337 76
2216 632 589
2217 724 149
2218 449 663
2219 959 134
2220 676 437
2221 437 417
2222 491 470
2223 442 311
2224 550 472
2225 757 579
2226 559 4
2227 749 360
2228 399 628
2229 526 154
2230 670 496
2231 63 164
2232 360 377
2233 721 76
2234 478 277
2235 387 94
2236 217 301
2237 570 554
2238 42 438
2239 67 570
2240 672 368
2241 315 467
2242 481 490
2243 535 501
2244 987 219
2245 787 530
2246 302 613
2247 497 45
2248 483 184
2249 161 15
2250 866 277
2251 910 162
2252 203 511
2253 507 146
2254 434 45
2255 407 680
2256 718 650
2257 520 167
2258 305 383
2259 724 598
2260 936 76
2261 108 163
2262 559 579
2263 815 360
2264 879 411
2265 209 649
2266 387 38
2267 846 260
2268 549 89
2269 381 673
2270 105 282
2271 192 745
2272 866 749
2273 944 391
2274 245 230
2275 751 3
2276 506 330
2277 83 616
2278 238 564
2279 643 383
2280 824 44
2281 302 736
2282 846 477
2283 463 536
2284 967 156
2285 659 154
2286 97 705
2287 641 466
2288 903 141
2289 338 498
2290 779 261
2291 205 473
2292 763 163
2293 304 778
2294 964 60
2295 87 675
2296 468 721
2297 17 39
2298 50 217
2299 84 215
2300 472 219
2301 521 40
2302 627 446
2303 907 499
2304 771 399
2305 867 48
2306 366 16
2307 700 398
2308 850 568
2309 156 513
2310 291 392
2311 706 713
2312 108 652
2313 724 156
2314 865 473
2315 532 505
2316 92 55
2317 150 404
2318 805 124
2319 964 164
